691933.966065 847685.481216 992011.879690 1130332.409623 1265662.232247 1401627.132597 1538617.718888 1676435.206180 1819348.177215 1966075.306710 2117619.046948 2275601.750379 2442717.769950 2617359.849828 2802101.244727 2998291.365017 3207357.299616 3428667.352035 3664242.332078 3914532.877435 4190062.463732 4483077.730697 4802227.180958 5154100.516225 5542179.875466 5973278.514173 6445553.194295 6985146.139507 7593650.298475 8299239.931456 9118137.846258 10115464.066288 11347199.205726 12888710.166114 14948344.444881 17853569.944382 22375003.051236
1496437.295156 1819263.794812 2111123.986567 2396269.057707 2674931.298979 2949078.805935 3221687.798655 3500880.065039 3783462.397859 4073788.449495 4372735.912409 4687254.030769 5009531.474159 5351967.107185 5711098.532898 6090025.861454 6492261.693811 6924424.801907 7378380.854187 7864135.756190 8388501.651537 8957343.344795 9575026.802176 10248839.511381 10994872.573147 11803160.682134 12703920.961616 13697328.458829 14829102.759905 16118486.719416 17657499.189461 19532503.187476 21836191.461430 24658109.538374 28382625.898256 33589149.058453 41866210.740942
2334472.356777 2825538.922117 3282887.035362 3714435.725759 4129277.292775 4544330.902213 4959202.352701 5372636.626988 5786294.728367 6222349.414488 6671970.386675 7138773.854073 7615952.780450 8116010.100817 8644624.801287 9201905.034837 9801988.598635 10450052.657283 11123955.614055 11825586.835249 12569433.320558 13390972.818316 14300789.910991 15289972.713104 16381624.718727 17573961.306533 18849870.573100 20263598.437102 21849319.896824 23743154.030494 26013114.196110 28714184.703157 31964169.228606 36076581.590854 41248426.879293 48485966.272545 60397088.285449
3195212.574364 3863927.743822 4478231.854158 5063044.980384 5621012.515429 6184957.010214 6726884.748110 7266671.322152 7828716.290609 8409506.256085 9000585.788511 9613009.117198 10242137.037301 10911904.368833 11609673.018024 12351831.685006 13133649.571154 13981005.427535 14853878.239517 15771757.824730 16756884.604031 17835832.394396 19042905.212851 20337884.423782 21735919.327485 23242243.651675 24907546.212757 26726300.628673 28788544.290146 31203756.146820 34172774.067403 37676268.284737 41920205.806234 47099178.048300 53573662.330224 62775443.674294 77908900.690146
4075966.806290 4920030.473982 5698581.970461 6424591.338382 7144083.390853 7837156.417210 8513572.897261 9199501.679227 9896349.478404 10615650.214250 11343924.448473 12095161.450111 12895003.737477 13734188.757485 14599724.357736 15507152.758309 16473987.459628 17496033.997012 18571499.909512 19717247.187726 20948725.761577 22289988.228955 23735070.655281 25339898.410934 27017984.020937 28854781.522004 30896640.933337 33139234.527988 35697771.843670 38605817.235716 42163634.908660 46533802.829009 51633308.008220 57774449.552978 65688283.913922 76652703.914904 94524745.297512
4962420.296286 5991147.572700 6930426.592601 7817993.760599 8679621.067560 9502345.325530 10318972.869148 11154083.772102 11989618.753904 12830473.495581 13699064.248086 14607013.665774 15561620.045689 16560925.407338 17604233.569468 18670954.215933 19799382.622019 21007360.198021 22286415.633625 23673655.629347 25155651.083903 26720126.549475 28398975.011012 30236267.206510 32215576.181123 34411528.385695 36781250.890047 39476641.463019 42518660.239994 45924533.894367 50036010.910205 55129620.064489 61085000.625160 68363295.569411 77655188.439985 90206333.190386 110574367.740600
5865791.073598 7072702.122228 8182961.751443 9226349.891207 10234103.774565 11184874.112298 12151523.436935 13122180.765479 14088235.296915 15068157.159645 16079984.909675 17120259.954692 18252051.141726 19404604.899638 20597485.525982 21832997.233274 23132984.213851 24523671.357224 26049464.768844 27639793.761958 29348510.937420 31103875.352494 33027186.824674 35133154.990906 37385148.296877 39915816.619171 42633653.008688 45745209.906466 49222531.711659 53089590.854246 57782933.603695 63610530.444240 70505124.245866 78666915.852253 89231831.634437 103637225.009048 126249789.009500
6779249.456091 8174206.504798 9452627.916695 10652078.705550 11797908.620855 12895744.045629 14000869.424218 15105538.803288 16203400.757093 17322374.534738 18465913.319288 19676009.227307 20928390.472918 22260802.722365 23597180.517662 24988939.496667 26470570.729316 28099381.806468 29812268.375232 31595855.460193 33511195.607210 35462082.624640 37609529.891859 39983570.577299 42507619.622639 45396065.011448 48537587.937586 51954570.718071 55790471.345223 60128808.813712 65417611.452756 72000377.933597 79791273.598447 88864855.249129 100489042.691804 116486270.718796 141631245.229429
7697896.149541 9284754.072252 10730720.882618 12092397.794699 13382586.018266 14608253.320507 15867362.126072 17105933.580034 18329821.858736 19598735.843717 20884482.944277 22231886.007493 23624878.981717 25109428.467969 26608595.779901 28160832.496414 29821519.194983 31668418.068253 33562440.912343 35585992.377693 37644272.052234 39832537.504600 42149952.381383 44766010.276548 47689451.880849 50811847.905281 54378888.476386 58131000.525421 62354497.150355 67166065.349717 73020177.503052 80232835.583536 88829347.171813 98780782.800577 111554932.396512 129145426.406389 156224905.138324
8638467.838513 10403121.829859 12016581.596705 13540938.624497 14973206.147626 16351444.251571 17739530.820623 19098868.091720 20472399.158087 21888954.396820 23316510.621903 24789098.557915 26351343.446888 27960048.995636 29606644.534793 31337846.970154 33178717.313106 35185097.858488 37355742.453582 39526360.783742 41783501.107778 44161603.895570 46696148.421562 49581000.924915 52800488.816672 56226031.959166 60114991.906265 64231380.086111 68854146.985484 74088921.880227 80542731.029358 88369273.173961 97786137.525491 108694701.208209 122503119.887391 141813341.616666 170401732.145034
9576745.482598 11537164.344996 13330109.434705 14998456.530067 16570409.182726 18106794.122884 19626759.694393 21114975.023331 22626996.197969 24181200.426293 25748160.559359 27364202.657022 29057458.050898 30824560.535199 32623700.574161 34528337.000615 36533265.807240 38731975.502520 41094729.468829 43423850.112845 45880355.550141 48451512.565444 51266955.186486 54352239.818042 57808954.816942 61560564.552480 65756984.184194 70270677.993926 75289602.434053 80999382.821953 87906992.336140 96450482.250154 106510376.844083 118598622.655981 133288028.847314 154033524.041107 184930697.512566
10528181.043196 12672421.626869 14649841.609168 16475534.162040 18174404.015726 19872201.538967 21538611.871913 23156377.747168 24803021.980073 26492215.813489 28213298.578126 29945508.358193 31786626.212593 33694330.427821 35678408.909060 37707349.899919 39888935.110982 42296661.680778 44796667.913248 47321521.829337 49920972.321641 52756764.976848 55812788.906715 59128609.870523 62817455.909450 66821042.804044 71349942.883250 76301924.222809 81642982.481839 87885089.547445 95200979.301177 104353520.769792 115299116.204696 128084761.889436 143973102.586665 166140061.291475 198991032.500489
11494793.006625 13815025.447221 15971765.206010 17956303.336508 19799458.998876 21641347.948231 23440430.502042 25201508.846447 26994927.993575 28826819.737616 30692707.567548 32538125.616870 34537121.151677 36577939.157552 38702360.002272 40890223.985447 43286303.199609 45836894.485826 48493198.489841 51175575.792888 53981338.486311 57054461.779997 60339359.125393 63917772.680840 67783219.861173 72027857.108509 76885677.336814 82159307.152936 87835597.840483 94659151.497656 102546800.544700 112128240.793467 123694850.367803 137666981.113820 154635169.526244 177954653.460827 212963346.715230
12458499.356688 14964656.413223 17301666.030074 19431344.819345 21441739.019259 23429454.150836 25338946.829140 27257477.485878 29184066.523585 31186488.612371 33172212.627130 35165383.350933 37267353.439193 39478370.734056 41758529.646243 44141563.107930 46656594.203251 49364377.748946 52172118.575457 55023815.492596 58041760.482951 61357895.649030 64878174.317876 68674131.134579 72680794.309349 77249124.804651 82353500.719427 88014113.605939 94079825.064904 101287602.200149 109769649.825848 119987487.920230 132023328.123380 146889179.440336 165221624.969346 189718560.279198 226732046.769467
13441366.022667 16119673.759410 18646793.787539 20914291.707932 23091644.677083 25213652.655769 27243503.657613 29327216.178056 31393556.145456 33526908.642717 35645711.654369 37799942.764029 40021534.947497 42351356.770918 44793923.237585 47398975.482838 50064504.371575 52871064.228862 55828570.249668 58874087.612552 62089587.744610 65644768.451775 69321173.227367 73386013.601537 77673281.346512 82524345.938047 87891818.774070 93803936.099321 100301567.873730 107820714.134320 116840044.688052 127711964.110817 140563155.149142 156021882.784193 175622481.174160 201551957.187795 240820882.204413
14427226.199421 17303565.825274 19991486.940483 22429318.182953 24774126.389748 27009139.909697 29162994.504963 31381618.107274 33608547.652239 35891623.584967 38144317.866112 40426265.694135 42781165.767718 45276306.639814 47857310.998365 50644048.683816 53465462.299445 56397104.902422 59494328.126537 62703117.480093 66151384.691917 69915212.866547 73818424.747916 78076133.490837 82574932.007997 87738645.100618 93295056.113997 99570137.936660 106461596.403361 114349315.484728 123891147.448065 135340501.098963 148953050.315045 165082114.429605 185731237.614260 212982846.555796 254638228.528148