169.810096 211.558995 250.605857 288.175708 325.209832 362.615795 400.878128 440.820636 482.173448 524.764185 568.996455 614.764661 662.965641 713.647136 766.584886 821.866752 880.286019 942.131788 1007.023978 1076.643638 1150.565097 1230.303518 1315.323547 1407.250245 1507.484291 1618.407465 1740.995145 1879.479557 2037.182330 2218.256314 2424.845935 2672.818845 2970.429072 3337.746797 3813.175815 4487.268523 5513.480093
371.836346 457.405039 537.138008 613.717994 688.670254 763.948263 841.394823 920.925490 1002.755172 1087.374251 1174.141373 1264.857985 1361.050824 1461.698205 1564.651497 1672.358584 1786.693091 1906.238100 2030.832899 2163.152299 2304.213924 2454.842148 2619.392205 2794.328135 2983.058700 3190.289310 3419.000095 3679.806873 3964.586332 4287.385501 4663.642133 5115.048793 5658.640902 6316.561401 7158.447541 8326.577582 10203.827217
583.486984 714.872304 835.109949 951.453289 1064.936508 1178.440289 1294.497375 1412.576995 1535.676078 1661.918739 1792.466517 1929.686259 2072.441967 2221.338605 2376.435045 2535.072622 2699.503341 2872.932648 3056.967118 3250.458522 3453.959527 3675.606168 3909.764805 4162.294856 4431.394671 4731.172663 5068.572313 5436.805666 5837.504892 6299.780998 6845.398992 7480.644460 8261.988118 9183.789959 10321.824401 11953.925032 14554.723226
802.775239 977.678786 1141.172806 1297.507347 1450.022220 1601.569768 1754.968293 1914.437310 2077.362505 2245.700606 2422.071241 2603.431234 2793.688730 2990.300125 3193.716620 3400.172525 3614.702332 3844.390628 4084.718426 4335.400402 4606.452536 4893.661621 5199.836081 5524.321816 5872.311688 6257.981217 6690.459778 7151.863888 7684.376604 8290.367130 8982.173771 9779.304846 10760.551777 11955.251362 13416.267078 15474.362372 18741.436160
1026.445476 1248.119150 1453.585205 1648.392350 1838.916297 2029.271572 2223.741651 2421.137731 2624.538883 2834.966390 3057.905932 3286.329682 3519.902673 3760.044969 4012.534844 4268.586081 4533.214403 4816.904739 5111.347057 5421.954343 5751.487437 6100.649521 6484.078016 6880.988807 7307.820067 7779.239364 8286.032489 8859.897173 9490.387430 10242.570537 11090.002591 12031.997516 13224.747061 14654.422583 16461.639676 18921.362618 22791.043456
1253.012140 1522.071352 1766.454988 2005.079106 2233.547439 2462.227581 2693.400896 2928.908660 3174.826479 3428.188475 3695.161034 3968.213359 4245.836628 4535.155563 4829.243161 5140.880787 5455.239860 5789.350097 6143.443386 6503.348550 6888.268570 7298.130048 7744.800624 8219.333023 8731.524993 9267.860478 9882.665470 10545.794858 11298.021035 12153.651205 13139.492357 14238.823589 15620.567271 17317.682778 19429.726671 22211.595541 26702.650470
1484.893334 1800.209820 2087.002247 2365.499910 2632.554086 2896.689194 3168.938555 3442.741109 3729.047212 4026.471415 4335.850328 4651.985411 4977.420853 5307.199557 5651.186991 6005.558322 6369.954800 6766.276321 7169.572056 7578.945858 8020.196615 8491.874460 9008.082281 9537.010496 10129.783972 10765.190100 11457.723412 12229.742352 13066.150467 14042.714270 15149.140039 16423.624200 17970.141606 19945.405611 22274.446167 25451.170059 30405.109784
1719.424895 2084.414144 2414.785304 2727.449937 3032.734023 3339.471128 3647.699706 3960.391094 4286.236032 4626.641983 4980.406821 5345.982251 5710.662229 6083.840152 6475.272833 6876.072351 7297.125185 7739.328632 8192.573836 8655.706412 9155.836841 9685.281542 10249.111477 10855.169157 11528.209232 12254.238633 13034.398454 13877.570041 14815.417124 15897.989457 17147.002654 18560.310125 20309.507287 22505.735707 25119.903439 28651.285099 34151.087335
1958.795425 2370.765716 2744.799600 3093.785886 3437.121238 3787.497244 4130.121640 4483.385498 4849.489221 5224.988664 5630.672084 6032.765202 6446.209396 6867.807408 7305.961020 7753.286974 8226.226433 8707.516019 9213.388186 9735.385086 10285.902028 10867.749241 11489.153589 12165.619471 12916.549280 13726.593259 14591.662663 15528.227905 16555.027267 17745.730326 19127.089191 20693.959131 22608.068950 25007.437660 27896.153253 31738.470770 37802.298409
2202.576024 2663.081929 3076.520341 3460.828755 3848.309566 4231.481739 4617.131921 5012.363313 5409.855489 5831.414487 6274.719335 6718.428440 7178.043491 7652.914556 8140.261277 8630.768642 9143.520213 9673.477287 10232.798552 10814.259762 11416.592066 12048.583364 12735.227328 13475.091769 14297.404319 15184.974093 16136.626118 17172.397891 18278.217557 19584.230024 21096.229555 22810.981992 24890.521359 27427.967514 30629.246695 34793.475496 41367.243802
2447.071413 2954.198979 3408.962148 3831.342364 4259.443761 4683.601275 5109.259199 5539.619964 5974.004482 6440.677888 6920.960941 7408.571710 7910.244803 8431.506008 8958.007728 9509.507051 10061.676801 10638.058283 11247.676606 11876.894838 12534.191717 13219.915668 13984.580383 14781.020599 15671.574123 16630.251700 17663.263627 18767.743325 19981.401114 21413.971323 23017.764267 24902.960677 27151.037750 29882.221367 33261.799228 37850.400773 44915.065956
2690.505301 3248.731649 3743.206483 4209.675997 4670.278622 5137.609544 5605.178814 6067.821928 6541.857109 7044.831759 7571.643146 8104.385069 8645.582052 9216.301955 9785.239937 10367.326471 10964.500853 11614.261169 12267.162095 12935.605459 13644.543148 14393.281292 15218.883569 16086.507978 17033.357436 18068.678207 19180.653870 20367.750094 21681.397465 23201.925288 24936.653764 26971.697172 29320.352333 32334.109800 35951.433093 40785.982718 48408.915254
2937.500648 3546.382557 4081.262532 4593.208070 5091.808264 5594.040498 6101.272947 6596.243799 7112.894121 7653.642389 8219.239595 8803.778907 9380.923251 9999.241987 10607.098275 11223.151738 11879.007526 12576.237450 13264.124572 13993.429565 14756.811185 15571.527856 16451.197478 17391.040772 18400.369341 19494.345569 20652.087233 21966.604638 23353.477819 24953.409750 26848.283659 29031.477464 31493.759830 34676.562962 38581.708409 43739.063132 51809.928368
3188.859464 3849.352508 4418.847907 4971.585295 5512.358500 6057.336188 6593.086661 7127.637439 7678.687134 8259.420280 8877.881635 9495.375057 10121.588593 10783.526692 11420.627957 12082.579070 12807.281731 13529.176385 14267.505239 15046.750711 15869.267571 16730.999025 17682.143803 18702.239596 19763.785631 20899.914879 22166.945265 23545.854041 25035.473775 26714.727170 28759.337084 31040.035398 33657.454383 37029.223249 41139.120400 46605.653488 55299.582208
3439.170096 4147.050314 4763.899146 5357.988665 5938.497196 6522.182245 7089.467997 7661.541676 8247.005677 8870.026019 9534.979442 10188.212972 10856.868190 11547.044670 12232.689697 12961.662245 13717.089958 14474.511342 15265.026291 16105.820201 16967.213252 17886.880196 18910.603372 19997.984927 21120.841678 22298.922889 23644.553277 25098.599086 26669.305320 28439.351061 30584.729013 33070.135701 35856.828832 39360.034824 43707.085445 49440.458597 58753.913661
3690.066801 4446.395322 5110.584035 5741.551982 6365.617491 6986.592227 7591.108384 8202.644757 8821.767506 9494.596060 10184.501587 10889.575147 11600.419883 12301.931914 13045.996369 13835.469424 14633.409102 15424.281867 16262.119943 17159.536424 18070.317230 19062.069477 20149.434082 21279.147806 22471.317747 23720.997229 25117.947895 26634.309584 28328.280734 30178.555714 32350.297802 35068.124977 38031.140923 41701.965560 46251.521869 52319.967465 62235.692222