417149.457383 527113.766164 629589.656449 728272.408970 824107.486874 918515.726589 1013571.158128 1110189.164698 1208573.411299 1310089.854515 1414045.391878 1520877.190375 1632822.756626 1749560.921550 1872375.601378 2003395.604888 2142046.924801 2290125.766367 2445028.022885 2608251.042408 2784541.077188 2974827.289151 3182122.741302 3406437.359741 3650103.959316 3917439.398601 4215170.458766 4547169.947450 4920196.132522 5356196.129460 5845771.796542 6429830.616930 7148622.498448 8043664.796396 9203181.526773 10848806.093800 13382592.684550
912396.572865 1138938.646516 1351940.584722 1555343.725130 1748161.417357 1936623.205155 2124495.651216 2317155.652439 2512511.419194 2710121.464144 2916265.278633 3127301.390086 3347257.493703 3579533.245558 3823307.741178 4079791.615186 4347409.097223 4627501.764755 4927538.741768 5243823.830688 5585776.477831 5952214.224115 6340184.341975 6765289.694823 7226139.528986 7726623.214724 8279600.988493 8894027.812589 9565146.349012 10341173.155932 11253664.092910 12312353.661000 13604129.264454 15241060.958957 17299984.738427 20156224.929558 24754461.427809
1431850.539542 1777689.340130 2102465.239930 2410919.303936 2699970.589288 2982436.511060 3271584.868912 3557813.633357 3846036.793987 4142610.227097 4445791.503244 4763226.987265 5095962.220623 5439134.977501 5797738.833117 6175103.185605 6567821.469201 6980457.680842 7419753.921135 7892000.575290 8388577.005325 8916830.804226 9484721.029234 10092057.697077 10751518.729682 11465242.494704 12263895.024633 13135670.908529 14116260.140493 15193214.257169 16451550.515674 17982402.962918 19821969.053974 22073065.842811 25038203.543844 29022133.820650 35401681.378786
1970408.924295 2433693.342245 2868636.852574 3286284.979560 3677076.745357 4060531.414035 4443157.278071 4819119.872691 5207120.618950 5596333.286945 5999261.208225 6429419.652638 6865226.136274 7322708.117860 7793205.777194 8279461.892759 8793622.419655 9344190.221437 9930388.055332 10538035.206037 11188426.809818 11880007.788813 12610451.013349 13395479.488138 14241700.839926 15176351.428082 16208615.971930 17313249.436151 18561350.370744 19944735.258334 21553631.813218 23448102.604000 25824139.782636 28699969.155687 32462573.500328 37608487.787372 45726006.128337
2513408.633690 3102838.715879 3647058.531199 4174234.319471 4662688.274451 5150760.032220 5617618.255339 6102280.945770 6580815.481787 7064570.105676 7576283.813640 8109270.535629 8652207.145926 9216255.675124 9793660.289180 10402719.060572 11042269.301964 11712932.787691 12419513.541817 13181202.843989 13982735.494186 14830771.415343 15726251.392010 16689194.590890 17708879.172945 18864963.657046 20114144.573413 21460281.372934 22943567.681004 24616924.015556 26516311.491999 28824032.510333 31657071.908430 35221558.510425 39714006.151709 45885894.615856 55819953.056406
3068943.996994 3784416.304857 4440933.970196 5067707.928327 5658106.046704 6240562.769818 6822500.151841 7390428.835849 7965438.342197 8549908.801914 9157569.429713 9784982.489686 10439274.055109 11124820.107739 11801575.307935 12511824.353201 13280258.958445 14082137.361701 14904387.361152 15795352.469269 16745552.766807 17761219.500651 18836775.906685 19949949.894920 21165805.947918 22518530.764572 23975379.870809 25550158.318125 27281481.118795 29190321.783424 31420223.720662 34067615.548685 37395236.281052 41462562.127362 46766420.593078 53996985.606159 65692604.519972
3630837.136681 4472932.865632 5245670.612155 5975873.873125 6664847.950451 7346337.901639 8029735.595570 8685862.218665 9368380.315912 10050605.737123 10751652.642901 11483356.735454 12248757.816776 13014010.783469 13794500.550909 14638350.331261 15518554.308073 16425213.916537 17385853.881064 18410211.793310 19528725.662537 20689491.595042 21890769.642126 23202543.057033 24605488.648178 26075964.855150 27766017.634058 29569704.631755 31513835.917648 33705047.884711 36280884.489524 39326803.731308 42957667.215419 47615905.772542 53668868.667464 62032771.217427 75229869.767661
4199406.207941 5175912.603054 6061905.828123 6890240.260416 7674858.149782 8470929.999395 9245123.899905 10000096.621233 10772800.343975 11555290.605366 12358126.943895 13209727.035677 14063077.348488 14909060.251119 15812394.536991 16750727.622892 17744321.590387 18772986.642565 19874781.677944 21044810.991676 22301561.992849 23606289.359129 25003105.942309 26459132.503210 27996560.261914 29644997.744110 31503642.681517 33515911.461154 35722140.640426 38218896.286629 41060221.234391 44450337.217905 48550388.263156 53652424.572097 60406101.612636 69871451.455775 84654842.731711
4777459.339398 5892855.113916 6891295.441151 7824182.290579 8702392.373695 9604637.682802 10460835.114640 11320985.232791 12198094.821899 13066293.919567 13982625.966708 14938071.119983 15875094.644800 16825225.290624 17816240.239624 18881391.450145 19967331.768003 21125209.162658 22355592.874386 23657144.300836 25046199.788117 26520768.704189 28076503.299359 29694563.753529 31387383.155872 33211619.210281 35230652.403463 37447927.803182 39871469.899667 42638254.808015 45787130.786943 49533492.051752 54051982.719897 59568052.295255 67128626.992884 77596331.665963 93630517.051175
5347949.655913 6605922.724569 7717475.965515 8769151.412876 9740964.170239 10729438.276183 11691984.821912 12648291.796130 13622942.805062 14591600.885520 15612725.749576 16659191.302301 17705873.018956 18737746.671769 19834790.810456 20987848.782666 22185922.262978 23480937.704947 24851172.286788 26253426.397023 27780537.470377 29405269.113206 31107020.371244 32891757.254122 34749674.679029 36745011.759754 38953848.262309 41426928.255395 44045515.320754 47033816.122117 50528672.954719 54495987.054972 59435713.342248 65395805.432967 73690030.308586 85369733.544212 102605439.158577
5929950.732069 7328737.460319 8541097.609010 9722013.197691 10798141.416441 11856035.836597 12919297.978090 13971908.635102 15049119.319493 16131865.837392 17245864.931104 18386791.830210 19525327.029398 20672752.066572 21861907.238717 23103031.017776 24410674.920838 25827254.143298 27315308.095164 28865286.330498 30522239.781457 32245884.361460 34092872.460416 36027883.295616 38059968.217025 40223723.763914 42678817.540145 45272465.481234 48186963.113082 51425964.202477 55151759.039099 59458496.766809 64792788.685775 71254938.120216 80006277.254065 92821190.768554 111031447.383027
6519923.044526 8055411.171637 9381307.251625 10678263.090942 11862884.860529 13002181.486551 14163841.786058 15311944.458194 16491833.319823 17677624.717200 18874862.102762 20121379.654492 21349539.813307 22617408.441032 23886201.982631 25230904.641769 26652993.712944 28175270.645147 29782792.400594 31484594.246084 33221516.302660 35075142.019699 37065424.146529 39156636.284527 41321069.455965 43678838.155346 46284433.671549 49112952.108629 52277777.745929 55884054.556278 59739991.979195 64384264.820668 70003980.542915 76993028.495096 86277307.720678 100116456.711462 119625594.083815
7124368.404320 8778500.053396 10231045.471978 11627485.285075 12916464.598863 14156672.872350 15399571.964786 16671620.787567 17934543.665625 19210160.628691 20520894.224106 21857413.226070 23188080.604867 24553785.973184 25908661.852544 27372688.824617 28904000.723152 30522737.185995 32273133.832104 34092069.630334 35921029.297280 37906376.853240 40034938.448882 42246639.415035 44580970.478952 47101064.464047 49844059.323713 52934306.375458 56352033.444041 60186672.767800 64301653.550857 69332481.161607 75275999.893493 82597981.638132 92600590.357635 107221551.872700 128160087.299641
7722754.013336 9504194.635152 11097732.082881 12585475.482923 13977547.137922 15322042.002863 16651824.975682 18023938.523770 19388191.036351 20751271.099919 22169748.856317 23577428.322184 25010745.741696 26470985.968818 27953535.669651 29520663.460715 31131907.595866 32877440.590428 34743784.393883 36657471.495208 38652349.765891 40734769.850386 42961941.152074 45320268.719020 47841231.364089 50544989.865959 53433764.113510 56744680.752570 60445351.754882 64424337.765188 68880472.382725 74141374.985861 80363940.650348 88043928.228973 98814290.356998 114355165.177210 136790977.906871
8330143.752224 10233744.486246 11972580.477324 13553772.437864 15036070.667410 16493075.318545 17921766.085324 19383058.385714 20831368.153560 22312964.062189 23820649.783029 25323215.742220 26849154.742768 28397359.845213 29996695.076820 31625001.653080 33385738.143582 35239440.745049 37216451.167109 39220145.426858 41338739.167160 43551288.952731 45863778.593195 48367661.935393 51059747.238701 53952174.711379 57038571.240569 60505622.582761 64426215.681724 68619249.534399 73412949.946842 78976753.159509 85425215.696318 93577541.031418 104951751.210313 121212081.228980 145413892.871349
8954100.451830 10969797.088007 12835404.356782 14518264.374954 16097793.312719 17670910.947507 19178724.812327 20772144.161750 22303178.514396 23883283.358282 25483718.726511 27050359.734032 28710440.415050 30356564.408221 32017324.117767 33755155.169384 35618356.192501 37608025.536556 39687881.428290 41816926.016407 44041168.784667 46346818.412167 48781364.230751 51412827.729119 54227020.559986 57296589.949933 60643179.757358 64330086.508396 68478152.667645 72818691.839026 77871660.595539 83666497.254225 90516637.959375 99183656.115415 111165931.474175 127758670.961650 153892235.026283