12.867336 16.156728 19.312057 22.407802 25.473701 28.550782 31.705142 34.950734 38.299075 41.775607 45.461341 49.288472 53.285452 57.452417 61.863678 66.563660 71.491744 76.677661 82.204765 88.046441 94.351764 101.097044 108.496392 116.422506 125.032078 134.564083 145.115820 156.871857 170.096065 185.334766 202.574773 222.869007 247.248156 277.830840 317.877329 373.846535 462.389125
27.830015 34.664182 41.125610 47.410458 53.607784 59.827519 66.192923 72.780937 79.575736 86.595457 93.849830 101.456366 109.391551 117.754470 126.480095 135.654952 145.242062 155.426598 166.077407 177.443837 189.668642 202.721318 216.738434 231.742252 247.740539 265.555449 285.455657 307.670158 332.579426 360.764995 392.620866 429.184594 474.200296 529.837746 601.467230 698.376735 857.043225
43.471879 53.860382 63.665254 73.260620 82.623298 92.015109 101.857522 111.673943 121.780247 132.315946 143.269273 154.736745 166.622821 178.834752 191.579124 205.223003 219.608460 234.568907 250.340317 267.108608 284.907605 303.501656 323.720433 345.813192 369.451987 395.166055 423.928490 455.558877 491.142335 531.591555 577.746877 629.711634 692.697036 770.907617 872.301728 1005.247896 1217.798390
59.556463 73.618941 86.876073 99.755456 111.994264 124.933799 138.009059 151.245615 164.855961 178.973579 193.800024 208.788670 224.244912 240.541484 257.591464 275.378201 294.151075 313.932044 334.918584 356.523797 379.696433 404.096852 431.146712 460.409770 490.812379 524.500450 560.779743 601.046788 645.793939 697.466097 757.025525 826.228693 906.060256 1004.625392 1130.941687 1299.858959 1562.370760
75.968950 93.748348 110.436466 126.434533 142.059828 158.104874 174.470368 191.169515 208.610240 226.331382 244.476976 263.222389 282.779715 302.529509 323.561080 345.342463 368.727329 393.351647 419.336583 446.412092 474.755371 505.116520 538.430283 573.736353 611.399974 652.108754 697.101409 744.180240 798.742451 860.886361 933.389125 1017.177554 1114.642853 1234.753500 1383.325194 1586.967365 1895.513058
92.601069 114.283947 134.291804 153.511756 172.573457 191.976614 211.149671 231.658428 252.717017 273.619597 295.563923 318.318637 340.853166 364.404988 389.522064 416.038528 443.773239 472.724646 503.727419 535.974957 570.189329 606.225579 645.340189 686.952811 731.092157 779.126340 830.228205 885.639673 948.667913 1021.913514 1107.810221 1204.920637 1317.315489 1455.405655 1628.155137 1863.178739 2211.903610
109.384129 135.157575 158.289301 180.977072 203.494000 225.959236 248.731087 272.294314 296.878246 321.326882 347.367803 373.024653 399.284289 426.621840 456.248014 486.523849 518.388558 552.626407 588.252024 626.019802 665.117789 707.027252 751.360589 798.975894 849.656279 904.591694 962.660010 1025.251237 1098.229119 1180.868441 1279.949464 1390.051533 1515.200708 1670.923462 1865.887102 2137.098648 2529.034325
126.649267 156.439280 182.771066 208.792156 234.584448 260.274172 286.331385 313.450318 341.479343 369.394571 398.338049 427.840041 458.291694 489.742270 522.646031 556.824616 593.363179 632.413581 672.702570 716.089686 760.837172 807.332022 856.036416 910.118706 966.778128 1029.479674 1093.446469 1163.871107 1245.163917 1338.426131 1448.595745 1572.611229 1710.745729 1880.385047 2097.749603 2398.438805 2836.498899
144.106645 177.702689 207.471705 237.074423 265.925740 294.678862 324.321913 355.304622 385.846132 417.531910 449.910105 482.991035 517.202887 553.042980 589.476196 627.866903 668.977040 712.577444 757.412826 805.954267 856.077422 907.430322 961.695119 1019.240508 1083.871771 1153.256810 1223.186511 1302.310650 1391.353700 1494.218528 1615.128512 1752.201145 1904.832665 2088.513808 2326.832229 2658.573350 3140.082117
161.627706 199.170353 232.630883 265.487641 297.345548 329.547157 362.657524 397.127894 430.828738 465.661499 501.213683 538.303069 576.112057 616.513384 657.334834 699.571644 744.386938 791.733861 842.313269 895.311277 950.401154 1007.011813 1065.832983 1130.489387 1200.868859 1274.547061 1352.717894 1439.903670 1535.507129 1648.181441 1780.059291 1928.614895 2093.718369 2297.407502 2553.430853 2906.049516 3437.916359
179.246211 220.842250 258.254528 294.143691 329.228881 364.717611 401.468708 438.412416 475.967169 513.819019 552.793162 593.459875 635.778661 679.901712 724.586544 771.655960 819.810463 871.505805 926.507857 984.283858 1044.148346 1105.566954 1169.244601 1240.731299 1316.637399 1394.772733 1481.631987 1575.857762 1678.975803 1801.422982 1941.452540 2102.788535 2278.860317 2498.661904 2776.639503 3157.390845 3730.498535
197.251361 242.398885 284.047198 322.861040 360.686884 399.953656 439.920681 480.116342 520.957947 561.880569 604.701705 648.658321 695.553590 743.793919 791.597609 842.370209 894.935661 950.857656 1011.148717 1072.500462 1137.335538 1203.555783 1273.723186 1350.796307 1430.487025 1515.892594 1609.011423 1711.131504 1822.548206 1954.547930 2101.412780 2274.900709 2466.784721 2696.625913 2998.769856 3402.894660 4023.077201
215.687553 264.520537 310.189914 351.943121 393.094178 435.390757 478.749286 522.167126 566.094320 610.300043 656.822458 704.361529 755.530382 807.362909 858.688957 912.956485 970.906449 1030.645369 1094.515620 1160.072910 1229.416037 1302.275583 1377.617395 1459.485828 1544.589386 1636.470009 1734.960059 1843.528365 1966.444350 2104.731539 2258.857733 2446.303433 2649.477057 2894.576202 3211.600854 3647.713291 4304.784236
233.776339 286.710901 336.530422 381.284795 425.451097 471.452526 517.852119 564.440596 610.981767 659.111664 708.978371 760.943313 815.515005 870.678392 925.745888 984.021405 1046.032895 1111.536980 1177.971822 1246.464652 1321.175026 1400.199124 1480.284397 1567.227060 1657.737989 1754.947367 1860.229947 1974.412092 2108.354204 2253.542482 2418.519985 2615.490159 2831.808643 3085.908009 3426.312514 3891.328314 4579.705419
252.356566 309.379474 362.843922 410.880964 458.174341 507.767633 557.071402 606.558781 656.258008 708.076514 761.613810 817.606351 874.611074 933.408700 992.828679 1054.870094 1122.242105 1191.424746 1261.213828 1334.402754 1413.821315 1497.122860 1582.078114 1673.953669 1771.279569 1872.926116 1984.302477 2105.907608 2247.961634 2401.375749 2575.590406 2782.879749 3011.525930 3276.962600 3640.547379 4128.837754 4859.996810
270.719373 332.542535 389.744416 440.834297 490.891301 544.390732 596.916858 648.771623 701.952360 757.322612 814.550459 874.218771 934.097969 995.864734 1060.198388 1126.345938 1198.141171 1270.225702 1344.290526 1422.505769 1505.620960 1592.985097 1684.022587 1781.845143 1884.285970 1990.248620 2109.384859 2236.593733 2384.781870 2548.497971 2731.443524 2945.245237 3188.488875 3471.942051 3851.282126 4366.536218 5136.789831