-1206.688283 -863.596705 -665.081098 -528.908690 -430.526103 -355.252318 -295.742275 -247.614370 -207.508062 -173.662802 -144.568352 -119.058260 -96.380277 -76.161158 -57.760065 -40.969371 -25.361648 -10.683227 3.505881 17.747235 32.464801 48.191375 65.140763 83.652875 104.253534 127.234921 153.231625 182.842316 216.941343 256.937582 304.968555 363.732431 436.345899 530.250081 654.940502 837.492554 1133.002098
-1955.249866 -1417.658534 -1093.907401 -875.380824 -716.132261 -593.946196 -497.194681 -417.085396 -350.562893 -294.136667 -245.365733 -202.397092 -164.345759 -130.480896 -99.735311 -71.314184 -45.065807 -20.325214 3.787134 27.863152 52.670837 78.938138 107.168624 138.081053 172.536752 211.118231 254.613274 304.402273 362.557523 430.633669 510.460658 606.511259 726.035755 877.180418 1080.421006 1372.327480 1845.779939
-2560.087279 -1881.839995 -1459.998746 -1172.614216 -965.445070 -804.967024 -675.770499 -569.426120 -480.310853 -403.341049 -336.382296 -277.831802 -226.224491 -180.141754 -138.182516 -99.904007 -63.978701 -29.920489 2.888358 35.517279 69.400130 105.257184 143.812696 186.193986 233.036455 285.304145 344.132053 412.341765 490.347346 581.829640 689.324621 818.909432 977.211183 1176.922355 1442.495410 1825.433619 2439.912782
-3099.030845 -2288.846349 -1784.728461 -1440.339914 -1192.044550 -995.163421 -838.626083 -707.431115 -597.502365 -503.772808 -421.899694 -348.912014 -284.179150 -226.764607 -174.700069 -126.546804 -82.016781 -39.676965 1.731016 42.704529 84.879404 129.023013 176.851273 229.249414 286.929569 351.894738 425.567153 510.296200 608.489616 720.265484 851.693537 1010.424210 1201.712049 1445.633196 1775.942188 2242.212314 2969.674996
-3573.461502 -2657.412378 -2092.519670 -1689.726650 -1401.954141 -1171.047026 -987.486706 -837.367157 -709.614938 -599.894108 -503.135272 -416.601212 -340.525062 -272.502640 -210.389381 -153.342647 -100.019648 -49.329055 -0.207954 48.375528 98.451472 150.629157 207.129293 269.448656 339.008810 416.021473 504.324988 604.171119 718.835830 850.881916 1003.364143 1186.742678 1410.142938 1697.613604 2081.155959 2616.576176 3439.642112
-4024.278510 -2994.069442 -2356.638885 -1919.569188 -1591.954694 -1335.746028 -1126.239570 -954.086760 -810.438984 -687.301483 -577.463685 -479.920757 -392.881743 -314.420654 -241.736134 -176.403306 -115.574931 -58.133731 -2.708999 52.817831 110.726017 171.572331 236.726652 308.807174 388.593196 478.546840 579.711383 693.307180 824.625816 974.364624 1144.107187 1346.915316 1603.879443 1931.518768 2359.523419 2960.040495 3882.835405
-4416.323851 -3302.945022 -2604.766718 -2128.068740 -1772.908965 -1488.831342 -1260.825627 -1069.874586 -908.597519 -770.509625 -651.413386 -543.729208 -445.330431 -356.840627 -275.710686 -201.743773 -133.078138 -68.104234 -4.072089 59.541576 124.663214 193.853896 267.574198 348.255163 438.318577 538.760187 649.571577 774.973369 921.739787 1087.426773 1277.145518 1504.951018 1790.119654 2153.478213 2627.892660 3282.353196 4289.850231
-4815.569942 -3575.412269 -2848.530912 -2336.383370 -1944.859696 -1635.193823 -1390.449766 -1187.885522 -1008.050495 -855.020890 -721.629410 -603.016639 -496.239326 -398.298188 -308.256314 -226.527879 -149.612172 -76.838076 -6.181326 64.519585 136.555786 213.207605 295.679861 384.806722 484.816392 595.689480 716.196898 854.147202 1012.924733 1196.909456 1407.292558 1659.059953 1970.847193 2361.599529 2877.462957 3599.531467 4687.039906
-5162.419537 -3857.676436 -3073.968256 -2528.780090 -2109.888612 -1773.259709 -1511.565609 -1298.109778 -1105.527600 -936.580494 -790.912814 -662.394834 -544.052472 -437.794453 -339.765389 -250.234917 -167.148786 -87.488182 -10.429473 66.479460 146.256267 230.307845 321.534468 419.304855 527.838485 647.469084 780.428093 931.225243 1104.416523 1301.066078 1534.077768 1805.469935 2139.102957 2560.092418 3109.188699 3896.891968 5063.713417
-5497.243666 -4147.002681 -3290.276255 -2704.180033 -2271.867982 -1913.116103 -1631.834951 -1399.215925 -1196.812608 -1015.975648 -859.350139 -718.565968 -590.666558 -474.871749 -369.596437 -272.109467 -182.055994 -96.762113 -13.243643 70.460190 156.088488 247.093795 346.285386 454.023513 572.643516 701.238744 845.256766 1007.803164 1192.998050 1403.261130 1653.207977 1947.994313 2305.244517 2749.534955 3325.976338 4167.434537 5428.563610
-5808.497020 -4421.321607 -3499.598454 -2876.810590 -2417.618838 -2045.876256 -1742.956613 -1493.382156 -1278.594306 -1093.042518 -925.063701 -774.006668 -637.136017 -514.523853 -401.092411 -297.443974 -199.796956 -106.278978 -16.371468 74.286409 166.944862 265.068394 369.788876 485.239384 612.608530 752.153050 906.038627 1079.004683 1276.585719 1500.569631 1766.821493 2082.365254 2465.908001 2929.333750 3542.907001 4441.831456 5784.548084
-6094.225229 -4670.026886 -3716.981341 -3045.626290 -2561.939193 -2169.597262 -1850.180637 -1583.749893 -1359.461094 -1162.410144 -988.538744 -829.489519 -684.974751 -554.715386 -433.596305 -322.179914 -216.423265 -115.657614 -18.339555 78.602208 176.444453 281.711552 393.947985 517.559203 651.561876 798.741569 960.820145 1144.594826 1355.352207 1593.729306 1879.739746 2211.414955 2616.037591 3113.879383 3760.489837 4711.735043 6119.493829
-6381.718204 -4898.411841 -3928.943474 -3212.089676 -2702.879318 -2293.340648 -1956.141971 -1677.174565 -1435.372253 -1226.444187 -1043.848149 -879.561767 -728.967878 -591.408666 -464.401872 -346.172779 -233.692059 -127.010254 -22.462381 81.563572 185.715300 296.808900 416.363383 547.310758 690.837491 846.027752 1016.828249 1206.763868 1428.554016 1685.727324 1987.729133 2337.736639 2763.776565 3295.445348 3991.297672 4966.002683 6440.890905
-6667.346361 -5130.684869 -4122.179819 -3378.672875 -2840.129479 -2415.011663 -2064.023645 -1769.376027 -1512.297173 -1290.270899 -1097.533843 -925.731648 -767.743551 -625.589826 -491.415526 -366.373004 -248.927338 -136.719392 -25.029174 84.596776 194.260960 312.241805 438.741289 575.183532 724.822747 888.181193 1067.339339 1267.361005 1502.054537 1771.525788 2088.259946 2465.664213 2919.442286 3478.606961 4219.717964 5226.182840 6765.340995
-6951.009210 -5367.020432 -4308.511468 -3539.263160 -2970.647421 -2527.525182 -2163.335040 -1856.075856 -1587.172885 -1356.671945 -1152.680120 -970.569193 -806.911712 -655.253201 -511.429813 -380.566993 -258.104982 -141.247343 -24.689834 89.374008 204.718379 327.692743 461.104904 605.209310 762.982750 934.179737 1121.507936 1331.107939 1573.971303 1854.352396 2183.258822 2581.069348 3065.906658 3647.920355 4428.158468 5464.729616 7029.775850
-7258.646540 -5561.569868 -4483.987917 -3693.479397 -3096.445371 -2640.467740 -2264.386409 -1938.815016 -1661.044470 -1418.027003 -1205.402564 -1015.891372 -842.703066 -681.093834 -532.379071 -396.261624 -267.349605 -144.340943 -24.188310 93.970876 214.872632 343.359346 481.731006 633.844267 799.284997 979.777308 1172.269652 1390.304162 1646.467188 1939.887632 2283.030787 2694.280419 3202.438710 3814.583262 4623.560893 5711.873238 7278.900190