-89.309419 -64.625239 -49.659054 -39.382615 -31.927070 -26.198580 -21.637706 -17.935341 -14.839141 -12.206568 -9.926382 -7.943787 -6.194048 -4.630046 -3.226900 -1.950244 -0.764350 0.368227 1.490087 2.653371 3.881042 5.181822 6.584762 8.118528 9.805223 11.686796 13.794137 16.193494 18.922529 22.111793 25.919596 30.545289 36.310296 43.760481 53.924506 68.296887 91.675838
-141.753629 -104.175794 -80.920294 -64.745656 -52.703961 -43.322824 -35.802961 -29.613608 -24.474318 -20.121884 -16.359686 -13.076112 -10.168528 -7.547167 -5.189008 -3.033077 -1.014475 0.922712 2.850311 4.840405 6.940195 9.170844 11.572534 14.170928 17.023849 20.229660 23.806816 27.843573 32.469720 37.820912 44.185363 51.878615 61.600141 74.168029 90.686589 113.805612 150.551653
-186.672935 -137.991421 -107.494216 -86.352573 -70.518408 -57.958453 -47.995976 -39.762524 -32.850224 -27.017890 -21.933058 -17.502043 -13.564046 -10.040791 -6.860904 -3.930253 -1.157485 1.519154 4.202802 6.974732 9.856830 12.924029 16.222651 19.816326 23.756999 28.122329 33.015290 38.559701 44.913210 52.289760 61.097924 71.632170 84.680997 101.299796 123.637645 154.235155 201.941878
-227.001317 -167.247348 -131.354766 -105.936202 -86.313202 -71.120205 -58.803866 -48.791780 -40.388543 -33.173496 -26.993605 -21.513387 -16.663489 -12.321768 -8.364780 -4.699541 -1.232371 2.149384 5.521501 8.999128 12.644129 16.524798 20.735893 25.295435 30.280807 35.789749 41.929649 48.929705 56.948355 66.014973 76.736840 89.896615 105.843881 126.016111 153.493896 191.324042 248.509252
-263.702938 -195.011624 -152.271975 -122.936012 -100.601252 -83.066329 -68.875674 -57.144606 -47.364351 -38.923776 -31.560966 -25.152599 -19.436084 -14.258098 -9.572322 -5.282495 -1.177045 2.833181 6.869104 11.022676 15.331110 19.986695 25.025552 30.486356 36.436475 43.080267 50.395414 58.679251 67.952256 78.663350 91.268018 106.584828 125.354979 149.650682 181.333272 225.363174 290.833510
-297.872066 -219.941934 -172.441563 -138.901468 -113.845671 -93.876130 -78.067163 -64.821635 -53.747935 -44.115617 -35.745149 -28.443653 -21.905752 -16.029627 -10.632090 -5.626780 -0.855282 3.767410 8.401565 13.175048 18.122008 23.456625 29.192467 35.473442 42.309650 49.873418 58.331408 67.812067 78.288080 90.582841 105.032197 122.436907 144.395652 171.200455 207.277792 256.372929 330.061560
-329.748604 -243.757072 -190.370884 -153.901241 -126.128063 -104.108842 -86.644868 -72.160760 -59.600724 -49.016105 -39.682748 -31.462243 -24.210666 -17.568074 -11.478229 -5.886037 -0.591632 4.586574 9.843063 15.208038 20.806576 26.804323 33.283030 40.288193 47.928433 56.346448 65.828784 76.457218 88.530440 102.495331 118.826964 138.321354 161.989224 192.377103 231.480294 285.857730 367.287425
-360.673328 -266.215925 -207.518906 -167.823901 -137.873959 -113.838354 -94.632118 -78.779270 -65.199190 -53.529750 -43.404603 -34.376520 -26.419880 -19.081039 -12.398515 -6.202769 -0.327860 5.392680 11.145071 17.065529 23.255193 29.981059 37.134327 44.873107 53.360647 62.665704 73.291832 85.104549 98.522814 113.945430 131.801961 152.934592 178.535538 211.422476 254.542753 314.585314 403.028563
-388.392021 -286.449377 -224.200071 -181.104592 -149.039953 -123.448974 -102.465787 -85.491970 -71.199810 -58.542841 -47.336808 -37.386703 -28.663721 -20.667888 -13.318313 -6.486961 -0.049158 6.230636 12.528296 19.025292 25.753860 33.076328 40.935273 49.285944 58.583388 68.816420 80.223495 93.361073 108.252941 125.161135 144.611302 167.614001 194.821631 229.479581 276.867853 341.580040 437.237810
-414.899525 -306.187528 -239.853966 -194.175179 -159.776676 -132.580960 -110.457683 -92.234577 -76.761448 -63.181031 -50.999794 -40.272483 -30.736705 -22.053628 -14.069915 -6.612140 0.370907 7.119582 14.003445 21.060823 28.320517 36.071943 44.378904 53.497010 63.566801 74.608023 87.138225 101.400346 117.587542 135.924820 156.837783 181.267019 210.157663 247.447187 297.698174 367.005931 470.026617
-442.239675 -326.579267 -254.883233 -206.415207 -169.904293 -140.883851 -117.654519 -98.347163 -81.745957 -67.244435 -54.265102 -42.853489 -32.564829 -23.224979 -14.686988 -6.823772 0.583650 7.965779 15.332262 22.869043 30.705326 39.006121 47.856261 57.499820 68.314295 80.418814 94.042465 109.518893 126.779776 145.988742 167.841640 194.099243 225.389183 265.487281 318.891987 391.409932 501.553099
-465.230555 -346.364752 -270.198798 -218.810579 -179.307386 -148.571703 -124.408863 -104.063924 -86.503850 -71.058856 -57.481606 -45.421893 -34.475481 -24.404895 -15.443334 -7.108518 0.783469 8.699260 16.585672 24.623329 32.962723 41.745072 51.234525 61.636264 73.102620 86.203751 100.953642 117.307607 135.328084 155.629864 178.648744 206.608274 239.678384 282.505090 339.472431 415.046905 532.544372
-486.959434 -364.608015 -286.200666 -230.468262 -188.523174 -156.151391 -131.001241 -109.914400 -91.072585 -74.817343 -60.510370 -47.772211 -36.361473 -25.883147 -16.220980 -7.409097 0.924410 9.379776 17.780691 26.302217 35.230380 44.585472 54.724236 65.951325 78.438500 92.251886 107.715105 124.726690 143.425169 165.002785 189.630587 218.935452 254.446149 299.349109 358.272836 439.500490 562.758445
-507.665331 -382.419127 -300.538107 -241.600325 -198.437299 -163.896506 -137.626714 -115.297391 -95.441236 -78.219568 -63.248669 -49.876337 -37.948329 -27.079119 -16.843120 -7.564050 1.256732 10.080159 18.900692 27.994795 37.488331 47.501278 58.331436 70.425613 83.977300 98.607112 114.642995 132.162668 152.001740 174.299391 200.164261 231.216830 268.627133 316.223992 377.679812 462.831348 589.661241
-529.489396 -399.454879 -314.616217 -253.381067 -207.998730 -171.753695 -143.656196 -120.368212 -99.839773 -81.578238 -65.773943 -51.937483 -39.551132 -28.058414 -17.417745 -7.560813 1.754648 11.011328 20.434062 29.970172 39.793125 50.490187 62.109009 74.940267 89.109655 104.299778 121.296305 139.674320 160.313519 183.370171 211.004797 243.515794 282.968363 332.899043 396.586674 484.929714 615.964669
-549.824576 -415.358562 -328.227764 -264.770095 -217.741589 -179.587070 -149.641954 -125.359704 -104.006643 -84.919849 -68.473391 -53.958304 -41.082798 -29.158706 -18.037124 -7.697058 2.195928 11.957155 21.789008 31.723687 42.088595 53.395832 65.863833 79.297991 94.044821 109.900546 127.757012 146.838853 168.137311 192.757164 221.613801 255.328992 297.202707 348.524927 414.555790 507.762731 643.653562