-3265871.714465 -2299262.550272 -1733323.621403 -1355780.142499 -1088115.701384 -886487.786928 -728930.808938 -602619.742256 -499394.644250 -413402.909253 -340692.650021 -278186.659128 -223877.860229 -175808.589436 -132753.406303 -93639.493016 -57849.737053 -24188.533365 8311.500534 41071.019994 75120.104002 111702.760915 151604.545436 195782.693862 245181.685938 301477.656775 365668.435891 438694.187511 524271.411718 625644.700854 747617.184135 897212.831978 1087229.366803 1335228.135580 1672128.043979 2168681.619046 2997705.119994
-5337932.248370 -3771957.730020 -2864386.396886 -2254457.873623 -1811955.594323 -1477054.623080 -1218325.488465 -1011122.327660 -841543.974775 -699855.447520 -577862.929290 -473216.757493 -381645.253999 -300274.073302 -227518.309832 -161956.907695 -101850.007691 -45409.256846 9483.973264 64424.178527 121726.079880 182873.319972 249397.537877 323308.224401 406059.425726 499434.626076 604862.883246 727169.100496 872289.116633 1042711.035758 1248410.948301 1502191.407586 1818682.145159 2229667.317088 2781875.958515 3581363.170929 4871280.004258
-7043927.406558 -4991847.964250 -3824312.338977 -3036396.341578 -2451728.254745 -2003343.240005 -1652262.008047 -1371565.794590 -1143269.990951 -952379.440377 -790196.852063 -649502.109550 -524961.294152 -415291.482276 -316941.766342 -226842.802968 -144037.376723 -66595.625213 7977.089911 82491.672087 160298.321881 243442.566200 333978.808154 433744.342875 545792.378225 671469.696921 815162.921137 981672.967494 1176913.583928 1409788.554661 1691634.743096 2031708.206679 2456409.923749 3001883.045609 3730269.676875 4773989.666543 6446214.251122
-8564899.514940 -6138754.750971 -4681802.132585 -3727353.666117 -3015999.552384 -2471482.816018 -2044348.620159 -1698125.605190 -1418774.701753 -1186700.368882 -984846.511968 -810393.384090 -657762.641249 -522276.789190 -399206.026396 -288363.037999 -185320.325212 -88085.858935 6091.427787 99283.998026 195517.823664 297805.133217 409505.170957 532856.960101 671620.645390 828018.979707 1008249.060707 1215776.972274 1458623.791779 1747889.966193 2093640.120062 2508307.829880 3022092.806988 3676212.704358 4583727.250003 5851722.037111 7911382.304229
-9964414.062604 -7173217.678556 -5479031.106879 -4364721.395686 -3535751.368058 -2908080.300341 -2415708.303899 -2014488.623510 -1685545.015016 -1407063.096738 -1171802.978533 -966228.509261 -785301.124231 -624772.455316 -479987.541319 -347166.431333 -224742.837321 -109483.290113 2341.045225 112928.251560 226397.682563 348748.904947 482311.035493 628853.449624 794828.099315 980404.681892 1191408.377106 1436567.584720 1724701.389169 2064802.156842 2459022.082169 2942623.703347 3544133.948388 4311122.200828 5375718.823233 6824229.696204 9161379.620079
-11168122.746877 -8130076.566078 -6211756.364856 -4938010.690859 -4004505.225313 -3307996.898189 -2750459.233214 -2300622.293264 -1930274.992839 -1617117.752753 -1345344.158690 -1110177.178941 -903114.746021 -719752.961561 -551515.246219 -399204.080115 -259075.792180 -127975.032228 -2342.032309 124167.765481 255733.891928 396201.154659 551321.630943 722716.027398 912064.194488 1122605.120550 1363431.267634 1648981.030799 1977306.024197 2353866.623806 2804649.587523 3351990.503690 4032450.689528 4911038.781709 6080892.791222 7733590.731037 10381185.838653
-12277685.601306 -8943818.332667 -6873767.468721 -5495007.772280 -4486543.454599 -3697068.603503 -3070074.810805 -2568849.341983 -2167548.364907 -1824159.924430 -1522864.220547 -1255050.905477 -1022738.095824 -817069.325321 -629224.356064 -456807.521484 -297975.702403 -148167.649973 -4431.400240 139677.833038 289393.939887 447357.002614 620529.281240 811784.384209 1024547.327629 1261129.306610 1531918.875613 1846554.688859 2207878.013884 2626363.932804 3127241.748467 3741434.629266 4502507.753578 5462452.293310 6765641.843507 8576137.246956 11530005.901203
-13318859.723531 -9749550.075245 -7479431.189429 -6027930.820571 -4939551.484078 -4075567.593313 -3393343.368882 -2839910.639230 -2390311.577034 -2018440.106602 -1688021.308649 -1396250.940387 -1136163.515662 -907041.389704 -700021.154376 -510209.960108 -334563.959208 -168500.511552 -8437.621419 152305.749274 317533.356438 490922.307723 683281.184405 894470.442299 1129256.726651 1393770.285559 1693976.377560 2030585.428833 2422525.347943 2888833.540415 3447759.967428 4122832.693627 4949483.625563 6009291.053191 7402813.676061 9375087.343841 12560136.881814
-14399572.331143 -10528414.161044 -8096368.719233 -6510325.923054 -5347424.783629 -4432208.372448 -3693236.409927 -3098950.783065 -2616186.214749 -2202436.778571 -1840728.505343 -1524614.806420 -1244005.224531 -996920.507147 -772101.008967 -564993.160589 -374192.381007 -191996.010516 -17115.336745 158992.554137 339824.857794 531429.394429 739382.619634 970838.487037 1226060.858014 1519409.351219 1848028.370851 2217710.300058 2641119.709896 3150625.304771 3755821.053098 4485473.278122 5391642.274986 6492999.728061 8027690.708470 10113195.512285 13508390.168563
-15384593.311900 -11308017.873591 -8676512.613725 -6978443.089701 -5748196.127296 -4768941.102545 -3992595.150172 -3353013.518605 -2822183.023975 -2372189.877599 -1988069.854339 -1651266.518792 -1349729.922033 -1086316.907827 -840877.122116 -615604.595255 -409226.439361 -212304.955737 -22815.874992 167233.109695 362387.650554 571484.125274 799144.159393 1051757.648980 1330417.761486 1643079.136324 1998208.693863 2398115.026064 2859954.066726 3405436.027523 4049627.641123 4824694.275035 5792317.662744 6980323.107112 8632295.167751 10849007.610204 14430863.561610
-16291340.786435 -11988409.070049 -9294657.914144 -7456470.764217 -6119966.631920 -5091820.780689 -4267355.369627 -3595452.658939 -3018638.986291 -2544032.454084 -2134098.981008 -1776385.153527 -1455512.705552 -1173398.120888 -911782.846460 -669108.843608 -443563.948612 -231673.144943 -28345.726423 176987.289925 389327.948895 614058.193761 856607.202940 1125419.302759 1426188.876831 1762744.212240 2138609.801908 2563340.503955 3056328.929354 3644307.503482 4331231.487915 5160185.441449 6173356.560334 7490294.241067 9185416.584672 11557366.332057 15299582.038946
-17172704.314320 -12674795.947416 -9905819.251289 -7917122.646638 -6499731.163724 -5391344.282671 -4526658.927822 -3816146.162789 -3211347.467678 -2712122.902564 -2278491.752692 -1899372.691640 -1561091.478862 -1256548.494628 -978064.603381 -721802.371736 -480535.519428 -251817.238644 -31900.910712 187552.805521 413646.623913 655533.446280 915656.730088 1199064.143410 1514586.859606 1873499.248326 2273111.652000 2720225.661497 3238657.125299 3862638.519977 4597647.295614 5482024.275473 6573131.025236 7960086.426670 9741562.323787 12239231.936307 16264149.649554
-17993692.505693 -13335929.157722 -10436079.696811 -8361631.521915 -6859516.448578 -5682353.232632 -4771764.200377 -4021518.219946 -3395388.468731 -2869627.804094 -2419572.421425 -2015940.960463 -1656971.218075 -1335564.485337 -1043159.935857 -772984.970926 -518309.798038 -275318.026992 -39828.408381 196536.175998 436694.854684 690019.234633 965953.192246 1266078.147118 1601623.386237 1980522.500233 2403630.531489 2879025.396365 3424321.698942 4078021.751358 4867715.127994 5796569.918732 6956641.925092 8402682.451222 10293768.084746 12897593.198547 17111895.986499
-18826365.945870 -14039237.249832 -10917142.105023 -8785957.257763 -7223390.010897 -5978831.730959 -5005104.674393 -4215596.289536 -3572007.905611 -3024088.878548 -2552465.132562 -2130404.609122 -1754829.991143 -1410765.761108 -1100154.654901 -814790.948042 -549430.238643 -294488.295101 -43971.901247 204811.756548 456643.554963 727381.404991 1016747.129195 1329466.993757 1682388.844793 2081123.339574 2526671.717981 3024111.768927 3610372.332506 4298571.701552 5122421.881981 6118614.733343 7324616.585528 8838075.767361 10848573.567166 13590685.023756 17962184.182205
-19534924.781858 -14634380.509857 -11423338.779347 -9197168.815880 -7550592.268162 -6279486.004097 -5234242.380925 -4411087.463640 -3729509.837076 -3158202.101562 -2675956.571497 -2241357.791358 -1842142.398747 -1480310.305752 -1151508.253968 -847114.091351 -566762.401442 -303584.312805 -41993.695265 217273.628274 481064.907767 766055.035952 1069597.642136 1398615.026903 1768352.583272 2179966.065847 2650485.199447 3183164.493557 3800352.328179 4517291.649462 5374260.279657 6422809.423729 7691136.353861 9258421.496665 11351268.255259 14186813.230380 18786744.448632
-20257904.428740 -15227170.236259 -11888387.328585 -9600730.474876 -7889540.797365 -6556597.847958 -5469135.847279 -4592531.697234 -3893062.211864 -3308522.584296 -2798877.866309 -2336465.093462 -1919892.668765 -1543898.862257 -1200145.785133 -879091.673415 -586748.175251 -310529.219890 -40235.699540 227591.464086 508303.174431 805011.003227 1117971.599616 1461144.921887 1850087.951086 2279825.742055 2765179.562692 3342562.008317 3994545.230736 4739208.621157 5632043.096212 6721938.158038 8020978.553713 9666512.268854 11814694.611811 14783086.906520 19588601.722262