-4996634.483376 -3450824.252822 -2570634.975306 -2000309.143899 -1593689.892986 -1285553.462659 -1045061.041403 -852880.146621 -695913.214573 -565754.649190 -455638.575668 -360808.174509 -278696.620145 -206887.389246 -143362.709379 -86074.191703 -33438.353719 16377.209487 64886.533081 114195.211322 165628.383074 220534.167250 280459.289530 346769.169581 421180.152101 505161.910792 601601.850312 713581.557213 843696.471131 997605.501034 1185068.041479 1415937.838130 1711373.148991 2090720.069650 2607244.277232 3369117.416332 4683419.335408
-8176189.378612 -5646138.307938 -4217214.630904 -3278685.475856 -2620310.372769 -2126894.223743 -1737302.569361 -1422837.865888 -1163768.080541 -944425.717115 -758199.158795 -597478.700924 -459544.828132 -337642.402281 -229332.548268 -132363.362083 -43499.587464 40274.221045 122032.730182 205012.463616 292050.935789 385594.830565 487928.196670 601375.383485 728242.537823 871794.102660 1036239.212039 1225493.078586 1444599.197796 1703421.887619 2015150.747848 2400023.045638 2890132.722701 3522231.084949 4386462.593050 5632632.160144 7693956.858138
-10919708.044777 -7539008.892077 -5618618.189393 -4385530.257371 -3514618.149606 -2851904.715085 -2330968.864658 -1914264.990041 -1566686.482205 -1273280.540682 -1020144.953772 -802430.592600 -614521.941700 -449430.490495 -302591.984036 -170305.287098 -48603.589605 66161.628063 178528.965972 292570.497312 412432.972134 541959.555619 682456.176921 837105.639979 1010721.560907 1207953.566861 1436251.345783 1697009.899184 1998720.920446 2353537.189980 2777075.320008 3298230.177132 3973953.310664 4836977.872635 5977818.646734 7569108.821397 10269517.656340
-13239748.902729 -9247089.279939 -6903748.361801 -5383863.411961 -4317479.248104 -3504607.617580 -2869683.464930 -2356920.202505 -1928370.822279 -1567512.439528 -1259886.662942 -989111.718507 -753981.192558 -548526.900049 -367011.717586 -202140.381368 -50348.319121 93315.341966 232928.389996 376908.467720 529085.910185 693432.837412 870002.225381 1066100.012026 1285921.079420 1533390.336251 1814800.718700 2138794.263038 2523802.627363 2965738.435311 3497540.883814 4142464.563486 4977572.483683 6024454.159839 7403840.568166 9417934.011638 12605183.507250
-15265496.689720 -10817201.936910 -8068873.477805 -6287366.952786 -5041779.828511 -4099775.198446 -3351930.915163 -2755213.573862 -2259600.685678 -1837642.318292 -1469700.864449 -1152574.321739 -876876.552769 -634475.308478 -420000.852514 -225744.565467 -47015.898825 121762.725538 289754.315885 463357.407334 644182.560389 839059.487279 1051249.031198 1284391.274708 1540877.105689 1834321.998407 2171023.293009 2558766.986534 3002716.097966 3524281.231222 4150504.946466 4929504.492959 5896850.406353 7125478.117756 8786744.834539 11154822.529270 14731665.273287
-17280343.102564 -12229523.390153 -9153973.750923 -7147708.001515 -5738430.842920 -4658909.241081 -3798014.318709 -3112358.500574 -2554311.937113 -2076248.193543 -1663251.545237 -1303073.219088 -986183.293360 -709110.713568 -462503.927387 -239380.636048 -33092.581518 161294.028728 353764.746843 552154.491023 761674.286989 985934.537908 1227277.908434 1495605.274598 1790464.814072 2124545.791992 2513438.056749 2951447.031177 3456647.030983 4058045.047484 4771665.052172 5656776.189733 6757838.378217 8166662.020150 10059756.227368 12654505.571904 16699628.030426
-19123139.686381 -13540394.815674 -10133901.669984 -7932696.000220 -6387820.339500 -5169355.235314 -4234456.436118 -3467487.540899 -2842511.672327 -2310997.439879 -1844082.649328 -1440643.253256 -1082881.217529 -771652.686982 -495001.836085 -247858.805578 -20985.683847 197851.442003 414296.336039 635250.488387 872181.907638 1122353.809052 1397479.570205 1701660.611679 2035448.655265 2413976.293961 2848128.764284 3340732.147734 3915715.641542 4582857.848008 5386881.634600 6363876.985373 7589808.007160 9150152.756664 11237581.864454 14073908.586577 18624170.877958
-20855885.562597 -14775149.627347 -11065541.596234 -8686491.251457 -7006220.329010 -5680222.025149 -4646285.808413 -3801497.931198 -3115621.653626 -2525892.606618 -2014247.208869 -1569067.506999 -1177850.558095 -836778.957529 -535340.928277 -261364.855718 -8932.384941 230190.546570 468387.837558 714247.084374 974414.580943 1252553.033728 1556791.370172 1895086.684719 2265571.461798 2689117.261471 3166169.412531 3708446.302016 4339994.663172 5084706.335078 5968890.373434 7052924.974188 8371606.063392 10080364.875309 12345582.128766 15411907.589192 20472993.954557
-22423317.628170 -16008267.675766 -11970356.071504 -9402997.979272 -7623211.086892 -6211113.569648 -5067500.531906 -4137406.024265 -3375887.568069 -2736394.349313 -2188296.587936 -1704449.077102 -1276689.744714 -904252.865286 -573602.850571 -273927.363906 4168.492590 267307.670493 527102.443150 791000.440578 1073403.258047 1380629.392922 1710538.654935 2075739.784810 2484249.794388 2951968.696189 3477328.309607 4065623.128417 4760077.632856 5585103.965737 6531947.465373 7689490.020315 9127681.680812 10992010.623681 13417991.141776 16774226.912315 22246034.808220
-23984212.719889 -17113721.989285 -12845987.714285 -10099305.661610 -8189296.155301 -6710091.407273 -5456250.010841 -4468535.671732 -3646532.243179 -2954649.412360 -2360607.383179 -1833148.156622 -1368921.419885 -957997.106939 -598900.013750 -277384.841410 23222.763311 306705.780717 585168.881573 868858.202342 1174739.354377 1506153.742269 1864454.144943 2258248.558083 2702360.045856 3211675.653525 3779372.972313 4405994.644605 5156893.319109 6040303.232352 7069776.486271 8295480.853769 9827724.865900 11842896.817039 14499115.280577 18060980.250118 23826061.301841
-25426685.722480 -18194420.023319 -13660256.352195 -10780551.322275 -8715772.361601 -7141713.229775 -5839231.784825 -4781730.775586 -3901975.713271 -3154544.538130 -2508757.646025 -1946417.474333 -1444050.696916 -1007409.717901 -624768.799551 -284403.321573 33504.747311 340352.363652 641003.090010 947315.234193 1275252.810218 1626236.332887 2013996.912187 2438223.954864 2913747.284541 3453082.095710 4056091.625898 4739435.633355 5551654.400576 6492671.336789 7591535.505703 8899543.529242 10546632.184951 12694236.442518 15538995.402293 19319912.571825 25408714.709476
-26887356.970083 -19216435.985276 -14435695.134438 -11404344.856802 -9190685.341524 -7539853.445511 -6184293.146721 -5076383.299969 -4138417.379439 -3340158.524770 -2656304.555636 -2067626.908833 -1537935.705452 -1065358.582129 -653907.708827 -293687.231657 42649.713076 370733.352331 691100.096629 1022064.320676 1373560.230488 1746992.701381 2160771.846979 2611382.905883 3106061.579138 3679006.786834 4328240.121240 5070833.701628 5946893.159214 6930221.925259 8096829.338726 9495817.049244 11279564.526858 13498991.192215 16500584.571379 20515106.674640 26916118.147174
-28295317.505411 -20165677.968097 -15235308.631172 -11976414.442983 -9675992.014591 -7924813.999163 -6510538.281807 -5360169.337153 -4363409.994620 -3512974.614940 -2793339.564470 -2179646.213320 -1620883.319850 -1127259.881805 -690774.128391 -305603.294654 49073.967939 399329.901245 741534.323107 1096604.113026 1470910.952740 1869690.383888 2307695.279473 2784581.835805 3305317.372130 3911013.797574 4608464.396989 5405290.958138 6324811.320038 7369115.443103 8597795.310475 10095052.443491 11959490.033900 14311026.910194 17438069.579085 21689499.816466 28388302.943767
-29645085.841317 -21089595.385414 -15964521.287941 -12568608.075460 -10144220.702894 -8339658.467074 -6851971.032287 -5633407.149239 -4591718.947911 -3689787.806552 -2928513.028147 -2272405.989653 -1684849.967790 -1169573.739023 -717848.456620 -311114.312138 63346.978508 429431.050606 789005.335405 1163958.023827 1560256.442480 1990079.938418 2460503.837716 2974464.191035 3536110.923870 4172833.537598 4901921.630767 5737138.457582 6695261.381497 7820490.681657 9109847.899925 10675447.755103 12606175.432087 15065303.093119 18337587.220427 22817829.778830 29777602.173575
-30740893.252729 -22110621.031434 -16729404.292712 -13112224.662174 -10612641.088791 -8752777.590311 -7205772.813187 -5894702.459085 -4800604.877732 -3852994.979602 -3051524.439145 -2360686.327196 -1748151.949898 -1212751.604621 -741905.311307 -309872.805899 85454.818134 465547.626825 849423.169252 1244531.935032 1663689.676850 2121287.531510 2623384.150514 3159009.451111 3742812.118062 4410239.170919 5187244.774316 6071425.968894 7072437.099310 8238117.896457 9610202.161623 11255600.809841 13275803.712096 15801047.612124 19254227.280338 23924938.597579 31234790.262063
-31947390.636310 -23057548.924450 -17397865.727393 -13664539.728492 -11092412.455706 -9112586.741604 -7502476.590777 -6145019.927159 -5006939.488112 -4023027.417698 -3180310.022318 -2462866.429877 -1816677.961919 -1256841.432016 -763034.726421 -317300.442872 105558.626478 501013.309346 899932.083597 1318204.874529 1763251.306160 2249660.054679 2774811.749920 3325743.843325 3941798.923827 4644402.401041 5455560.393325 6393347.342241 7443478.610503 8670435.620340 10107582.723588 11828817.898643 13934912.773436 16510715.354901 20135130.625964 24994844.968455 32687055.484359