417208.362109 527171.534472 628849.195948 727117.463007 823518.849853 918209.120058 1012412.018861 1107212.128629 1203747.886799 1302687.849252 1405294.217492 1512197.651729 1623794.858186 1740871.511536 1862339.954618 1990673.409320 2124457.706763 2266178.689064 2417128.080462 2578012.887143 2751758.253992 2940665.639182 3145617.131530 3368560.585789 3608627.380652 3873614.164947 4173555.092517 4508491.994309 4886345.927106 5312037.224037 5816035.680411 6414628.539355 7144299.117348 8064458.605585 9255343.644299 10965555.691328 13754155.543678
917051.543990 1147130.528680 1356827.004247 1557344.421554 1752460.955069 1942033.598349 2130272.846457 2317242.294279 2508660.367689 2709082.918975 2913565.181739 3121089.066821 3339411.205970 3566951.788229 3804106.063094 4049155.080188 4311778.582873 4587751.618909 4879017.764765 5188479.269103 5522606.872245 5885070.228161 6273850.666621 6699207.448220 7158570.567020 7656226.217293 8209203.007581 8837823.243619 9531563.913760 10317993.208891 11221186.089630 12308232.745560 13608936.991566 15258028.506277 17455748.298680 20533467.046709 25208418.605900
1442182.826197 1793497.189437 2113844.261986 2420232.418420 2715864.726585 3000797.058962 3281234.019407 3562803.717046 3852256.526892 4146591.065603 4450827.975495 4764220.502199 5090418.824896 5426666.410970 5769974.633700 6132243.348573 6523524.651242 6923524.523495 7351411.341969 7808306.152297 8293910.970470 8817411.555544 9372833.152131 9989181.382404 10672860.140310 11397602.276277 12195515.308130 13061032.509550 14040411.680831 15166249.561248 16461469.516618 17976264.461499 19841764.775944 22170187.422604 25198954.345238 29601877.876899 35966134.013528
1984704.312692 2459833.351027 2895747.311463 3305377.920926 3707595.338427 4084240.203197 4460133.903198 4837901.249243 5219790.390506 5607743.822362 6010730.906033 6430149.461473 6865485.991346 7298087.616051 7753580.042467 8238459.262139 8751460.319941 9280183.305991 9833782.570216 10423001.645213 11054921.844097 11741061.343859 12484285.864104 13295245.707295 14164152.210551 15094565.301419 16107118.805885 17232402.197419 18500311.884368 19917943.103405 21560660.160647 23526334.203841 25898692.861616 28779153.395270 32726439.117159 38240989.655520 46243083.582680
2536726.697462 3141426.292032 3688236.566666 4207900.954154 4710228.772311 5185464.755834 5663357.670288 6131537.846124 6603139.128560 7088542.052125 7594285.898341 8114616.918990 8641328.902161 9188099.989057 9759497.991131 10357449.475514 10970628.629961 11620061.440908 12314185.355850 13053850.381273 13851633.571174 14686740.217807 15578618.167527 16558003.989479 17609140.848146 18746713.190662 20015115.127323 21357373.722976 22873880.177185 24606987.978307 26610883.358574 28956432.918599 31712966.725266 35312452.224433 39993947.026793 46623445.935096 56240561.952451
3101886.421037 3829105.114231 4488798.454125 5123600.995979 5719261.659387 6295340.966035 6870618.589945 7425389.908416 8000911.759857 8584605.007431 9186789.079722 9798471.739862 10430279.660362 11085020.479596 11756817.328458 12463652.766332 13194615.849603 13967327.136364 14808878.963793 15707925.521873 16633194.698979 17606125.943726 18641424.737114 19802490.627123 21030909.683334 22380463.270821 23841212.123167 25394509.447814 27156008.011934 29228053.645805 31573760.301755 34229710.448578 37486316.850795 41658360.885930 47175480.947554 54644830.370467 65758367.264289
3670991.525648 4528427.173505 5315380.895656 6050571.036453 6742459.950375 7412018.159035 8075124.301462 8732161.681235 9418183.044318 10088363.531949 10782291.284775 11492642.962007 12222704.489096 12987580.328448 13769044.109179 14576222.186595 15429901.954796 16343434.332340 17308361.877215 18331153.320732 19384347.669693 20487621.533938 21726593.826252 23027365.866598 24458760.036788 26013359.355431 27608330.700837 29391861.188724 31399566.612247 33744818.885278 36361745.036565 39479274.007240 43187554.180699 47869942.929327 54119768.761391 62475266.127472 75341679.385481
4248828.422172 5245260.325320 6152409.768505 6989699.663939 7779643.613307 8538542.955887 9291319.422505 10065802.020650 10827160.061128 11599533.095757 12391583.348610 13195550.603638 14036098.678147 14896441.547503 15784007.700366 16708330.369838 17692701.316766 18703743.295015 19787748.660500 20944316.787696 22118172.359918 23394293.231632 24806618.004269 26270730.658753 27856516.058257 29591717.515943 31374644.791197 33357640.864926 35638975.425069 38198323.491999 41188031.190814 44582910.679647 48740630.604725 54044433.839274 60863911.448149 70186071.718425 84495959.708493
4831976.657025 5971101.738023 6998094.955959 7938962.765911 8820534.600941 9674224.666081 10534148.068723 11403355.869641 12241840.117103 13114939.864827 14007790.705897 14915902.046053 15857249.701092 16814324.142667 17821731.058288 18866488.883188 19933937.525500 21071056.256158 22274111.022645 23523269.742681 24859273.381659 26327682.398394 27895508.298213 29501292.055136 31236799.258965 33128536.055958 35089335.540461 37265800.682108 39816748.462846 42665598.854133 45893763.616891 49643193.353130 54205295.026586 60033716.479841 67535501.423305 77846733.155155 93370469.581496
5421722.624605 6700051.695959 7841149.768853 8883576.446935 9868400.292576 10819609.786433 11790884.546444 12733962.426434 13661448.948810 14631746.231106 15618779.642289 16640036.758201 17682980.609536 18758740.920314 19859643.850710 21007209.193220 22185933.928788 23426947.254824 24734387.838013 26101636.556192 27576912.116971 29225690.095548 30950127.738123 32724317.015624 34601730.893144 36660389.490864 38794257.211850 41172499.146830 43899693.981236 47060788.786680 50570743.958926 54738240.663492 59657866.567808 65883918.707653 74060404.621663 85528325.761209 102169778.796843
6023002.624285 7432311.724719 8703225.658188 9835343.105404 10923825.612594 11985589.590171 13037600.378400 14073658.432681 15084035.538500 16153520.934360 17249456.046068 18378408.282628 19522271.879290 20699077.843524 21904604.710011 23139657.666265 24426892.773707 25775210.904163 27196792.068546 28683776.759879 30304889.935341 32103896.894360 33963514.382793 35932269.256553 37912657.232897 40138839.007723 42459369.518759 45068493.343045 47940464.883523 51324833.460295 55257890.794302 59672480.041175 65042664.747578 71670382.704722 80532544.987390 92764850.427613 110759163.301279
6629029.746377 8171019.437329 9565358.942049 10808449.192205 11984233.774330 13160772.728006 14289530.615160 15401312.996373 16500977.251580 17672961.680858 18902260.926247 20128576.606263 21365476.960458 22646282.234996 23965638.862020 25277225.760411 26669390.972214 28112647.937248 29657051.895357 31274367.182108 33045596.802236 34943774.024471 36978906.403253 39051759.004556 41275789.304384 43576854.885948 46117219.359272 48886239.322511 51949339.467779 55596833.641442 59885871.348815 64620583.460851 70346558.426668 77431830.506291 86880743.693942 99863447.227240 119030306.043419
7250350.004950 8916659.996259 10430974.292870 11784493.463672 13055092.135173 14333653.876911 15538865.133880 16728357.695937 17948010.779767 19209574.779512 20547163.893955 21869118.351670 23236768.900512 24626330.140659 26015524.500552 27425948.987148 28868374.696622 30454908.082090 32134342.002560 33881966.933640 35775452.941301 37774299.224305 39922418.797796 42182255.051464 44589896.361870 47027150.421116 49729521.082118 52633765.440215 55974359.613291 59857257.751967 64361102.253748 69505146.913377 75673473.879882 83028346.531195 93157537.619596 106966926.864522 127514052.629898
7878497.092869 9649517.054265 11302637.513889 12769465.842674 14148712.078031 15504005.486195 16791900.062106 18074616.943901 19378417.462286 20761396.454968 22191219.954230 23623133.711088 25096890.771171 26590436.414643 28068663.813116 29549690.283316 31078401.454264 32802785.460617 34606564.452848 36500176.353249 38504086.562013 40616751.458737 42849254.212969 45283263.934467 47883415.064139 50453191.404802 53352918.148219 56382783.153118 59947656.852640 64063993.904922 68936480.451135 74358003.386287 80887884.894904 88578151.930000 99472470.384644 113754032.429854 135947027.522227
8497139.935262 10393563.833143 12170543.441865 13756701.994465 15253769.566350 16676627.465248 18038507.172188 19418988.549168 20844259.772310 22329306.208929 23844803.162257 25391335.028194 26980630.539161 28537504.648688 30108209.099223 31674191.075519 33327095.748447 35163417.786054 37085524.529312 39109813.546477 41209078.845028 43422648.206904 45789819.753067 48369003.146534 51098649.842027 53850043.933612 56900687.221499 60137283.730902 63928049.019063 68190201.883028 73370798.613810 79103312.815065 86088360.284229 94129109.240520 105814613.733888 120456159.765894 144055439.455631
9135176.276270 11149409.204300 13047824.478440 14735268.155963 16356176.158600 17859177.854775 19310233.653716 20774323.119140 22314143.614678 23897023.260145 25517358.505744 27167585.717003 28839684.907237 30492810.146088 32129513.138148 33776469.492782 35582238.562027 37502297.803003 39550274.247072 41733791.153985 43939927.517379 46278302.355029 48721403.463883 51438497.611016 54268063.848606 57246803.444686 60383722.695409 63896718.751092 67897965.108110 72431886.029127 77773928.577082 83793204.419163 91158775.482542 99713429.632210 111971815.037232 127149696.910862 152238714.224743