12.336594 15.536340 18.588234 21.553965 24.484901 27.463169 30.491347 33.617953 36.860584 40.237966 43.793166 47.455237 51.349969 55.483937 59.827446 64.399670 69.211846 74.316950 79.755156 85.530356 91.732021 98.379714 105.555728 113.399102 121.905345 131.390023 141.910610 153.640263 166.880306 181.804013 198.974964 219.242213 243.546768 274.269690 313.817681 369.896794 459.007767
27.031742 33.628450 39.939099 45.975721 51.943438 57.961663 64.062374 70.313705 76.725349 83.465428 90.478631 97.916736 105.689657 113.863252 122.433223 131.459246 140.928090 150.806788 161.355879 172.620041 184.415298 197.020945 211.028765 226.234645 242.636663 260.129249 279.421627 301.029523 325.378914 353.141719 384.993509 422.347900 466.420319 521.242582 591.936540 687.921912 847.474671
42.421695 52.601010 62.131295 71.367505 80.361326 89.453048 98.567045 107.842420 117.606035 127.701707 138.258325 149.305308 160.904595 173.038685 185.580676 199.215172 213.130845 227.864502 243.553699 259.556722 277.003090 296.032861 316.353803 338.315928 361.297832 386.530515 414.324265 445.102662 479.878607 519.124953 564.606422 619.136223 681.900615 757.294719 854.172014 988.285729 1208.803151
58.226854 72.023307 84.960620 97.370306 109.580414 121.396495 133.592929 146.212572 159.316694 172.906248 186.923092 201.504223 216.722773 232.524810 249.610672 267.525842 285.971391 305.516186 325.773702 347.322906 370.097801 394.447907 420.915497 449.152718 479.183999 511.739262 547.343989 586.897347 630.827282 681.389555 740.666696 810.050710 889.019690 986.174202 1108.576570 1276.531897 1555.519939
74.432430 91.881699 108.241690 123.809729 138.935997 153.946826 169.352025 185.093328 201.555793 218.401423 236.134777 254.221483 273.092531 292.973887 313.918595 335.936044 359.325082 383.378099 408.674779 435.303425 462.891366 492.541221 524.785461 559.344819 596.120217 635.346987 679.011346 727.500792 781.467087 841.917466 913.083270 994.427520 1088.942723 1207.752342 1357.929914 1553.686686 1890.662274
90.928287 112.021521 131.891677 150.697200 168.830560 187.058566 205.258993 224.270141 243.973794 264.470527 285.609792 307.191461 329.750302 353.526568 378.758312 404.980516 432.707394 461.265112 491.081166 522.531114 555.084266 590.302964 628.075217 669.590895 711.859151 758.780763 809.547110 865.548566 928.973953 1001.638658 1082.576792 1174.218614 1284.259323 1421.836354 1597.508987 1825.158761 2215.315960
107.436916 132.728379 155.979788 177.830204 199.067565 220.363927 241.663685 263.698995 286.888687 310.692754 335.030104 360.636106 387.158726 414.649033 443.837712 474.266679 505.835778 539.539684 573.539135 609.594419 647.420794 687.447934 731.095406 777.875673 826.666773 880.954425 939.275910 1002.860036 1076.918126 1157.403309 1248.943360 1353.481548 1476.719623 1632.186265 1831.749270 2088.063788 2528.714128
124.390507 153.571329 180.011434 205.289389 229.718547 253.921601 278.423148 303.860559 329.993135 357.234836 385.019926 414.355282 444.735717 476.576465 509.206248 543.487425 579.385996 616.556378 655.808148 697.011055 739.608670 784.642634 833.693714 885.442367 941.086807 1001.235272 1067.055009 1140.204596 1221.729342 1311.676694 1414.132779 1528.205894 1667.904460 1838.764803 2064.544355 2344.466322 2832.275745
141.572138 174.673633 204.541859 233.138309 260.560262 287.697853 315.753458 344.127161 373.558945 403.973120 435.486233 468.668999 503.245610 538.257641 574.465288 612.509171 652.379457 694.522519 738.682526 783.738298 831.666575 881.859704 935.644907 993.322078 1053.993076 1120.554944 1194.569991 1275.569205 1364.923850 1465.088449 1575.750241 1701.827719 1855.330716 2041.738803 2289.481900 2597.022621 3126.812219
159.013271 195.772862 229.226496 261.236326 291.528207 321.856933 353.245992 384.361878 416.937020 450.727283 486.371091 523.390890 561.270650 600.299020 640.632412 681.568761 725.362843 771.908799 820.341780 871.414419 924.019348 978.358704 1037.821713 1100.681964 1166.633304 1239.842977 1319.403639 1409.239073 1507.803303 1614.865904 1736.478433 1874.036949 2040.096293 2241.895473 2511.028468 2846.997806 3415.449744
176.843301 216.860970 254.314881 289.367946 322.866445 356.319145 390.840972 424.933413 460.842400 498.147954 537.102459 577.916436 619.749324 662.433721 706.150155 750.857595 798.946953 849.232876 903.028385 959.106237 1014.830539 1074.845453 1139.274979 1206.576849 1279.340798 1358.506175 1444.578381 1541.555602 1648.374567 1762.991753 1895.325415 2044.253575 2224.368289 2440.583253 2722.967466 3100.469010 3694.780054
194.847779 238.422752 279.641081 317.916343 354.387611 391.011757 428.104638 465.751891 505.226900 545.751891 587.922603 632.373855 678.237677 724.000191 771.250718 820.288876 871.895463 926.768619 985.125374 1044.382207 1106.956351 1170.097306 1240.346126 1311.206545 1391.719538 1476.954138 1569.588076 1672.796362 1786.265490 1910.638011 2052.813837 2212.040769 2404.940680 2635.723399 2936.518711 3351.864017 3973.179175
213.090641 260.400349 305.069123 346.696063 386.387374 426.008972 465.520866 506.535907 550.001815 594.286024 639.303099 687.143629 736.035114 785.493186 836.328970 889.394957 944.840379 1005.655856 1067.129043 1129.995579 1197.126619 1266.278200 1339.567543 1415.728492 1501.757484 1595.116877 1693.264780 1802.881007 1924.520896 2056.199428 2207.484622 2380.373810 2584.501771 2825.436686 3146.540195 3594.521982 4254.497842
231.076648 282.867491 330.552712 375.642547 418.452997 460.899737 503.546633 548.068503 594.374364 642.218879 690.579978 742.922489 794.194081 846.854084 901.533427 957.423683 1018.565829 1083.443173 1148.782822 1216.723979 1286.786017 1361.866314 1439.751310 1519.919222 1610.894338 1712.049786 1814.880728 1932.038556 2062.146346 2201.941775 2357.970690 2540.714608 2763.420140 3016.895863 3355.339311 3827.601207 4534.042640
249.152615 305.600351 356.687714 404.907399 450.974724 495.525181 541.515079 589.876570 639.445304 690.032928 743.112954 797.944673 852.718676 908.008107 966.531084 1026.158506 1091.909217 1160.507862 1230.331217 1302.252771 1377.213144 1456.005639 1539.130794 1624.564457 1720.813713 1826.775705 1936.189071 2058.299737 2197.461758 2347.330065 2509.899939 2702.904229 2934.297865 3206.660170 3572.075467 4059.349348 4816.124651
267.283390 328.512184 383.309767 434.601386 483.519610 530.471844 580.118073 632.160722 684.739677 737.900770 794.923932 853.224460 910.860262 969.563033 1031.291377 1095.440233 1164.739859 1237.986306 1310.984996 1387.496815 1466.794373 1550.909512 1637.828241 1728.390443 1831.778594 1941.070194 2055.717459 2183.615753 2333.276196 2488.674445 2660.421140 2860.116771 3101.648097 3393.369591 3785.325076 4284.721791 5088.974341