649275.265063 802451.467367 944552.922093 1080593.873916 1212142.971131 1344894.756850 1478049.082854 1612877.615689 1751339.857579 1894004.474928 2042867.531421 2198124.669234 2361268.116923 2532858.680043 2715688.148508 2906803.339296 3110357.516382 3327996.770617 3559970.888134 3809269.598163 4074792.212379 4362075.687012 4673447.784946 5017413.828818 5398142.048770 5823037.784257 6295039.154179 6826248.336421 7438629.236228 8151412.820847 9022683.649966 10046600.166950 11282173.919972 12858315.629625 14962068.474093 17938132.498586 22969138.418214
1424684.940882 1742920.921018 2033701.718395 2311656.501072 2577441.415852 2840991.619901 3107230.980251 3376831.501900 3652932.965305 3938930.484147 4235115.743917 4539575.700605 4858575.534556 5192875.156061 5547007.277447 5920976.169810 6315465.573349 6735243.061505 7178154.535915 7650719.197599 8164632.212962 8716157.447005 9310371.410944 9980006.016770 10701679.216640 11498292.650491 12380176.586211 13357857.362101 14492398.992195 15815929.215355 17411170.372603 19344799.369174 21725460.483761 24620022.988546 28421148.849907 33779372.300756 42596531.250139
2236319.981349 2724941.045780 3172452.632857 3589520.134804 3997302.066128 4393262.248576 4793019.085100 5200782.643037 5613694.318940 6037097.043931 6467012.271043 6916913.392629 7385288.567493 7880160.814940 8396161.987657 8940168.023175 9520386.808882 10151411.492954 10806969.540163 11500381.226113 12243041.172187 13047921.247287 13923383.121884 14888636.090674 15942650.843412 17093947.242732 18332694.648325 19741438.548185 21334114.670214 23283894.485778 25539825.139900 28343456.421915 31779094.499723 35928384.512506 41344979.381409 48866547.535549 61047823.846604
3072985.595664 3735763.660164 4334712.105469 4901503.504491 5449883.402062 5978140.394476 6520197.090447 7064493.423010 7608260.733877 8162949.594625 8743259.412740 9331856.862086 9939979.347315 10585995.472439 11265553.577232 11980633.238764 12761729.745179 13587025.289918 14433611.192867 15346260.005382 16335085.209174 17376607.571941 18517661.299100 19771728.021096 21120500.093074 22586456.918665 24182235.237617 26030475.792828 28168101.384851 30626175.855947 33564637.373944 37159771.233559 41486551.671971 46935932.946397 53658358.326017 62994603.266940 78709649.156234
3928567.095008 4764730.827560 5521276.120310 6237075.486808 6920822.485032 7590272.450666 8273367.412655 8948264.054892 9623051.033533 10322223.271979 11044590.006175 11764760.248509 12506225.619034 13303548.011903 14155320.063739 15058120.035681 16013863.094655 17026508.451081 18082082.051895 19197956.998671 20400587.723689 21690700.985813 23099652.617292 24632068.564752 26279688.391628 28046055.683951 30001045.850029 32245820.372803 34859000.980068 37833527.509438 41464433.625129 45836450.256139 51024398.641481 57533442.247008 65612476.173591 76675904.827262 94961390.543040
4802291.624742 5818307.954355 6724907.789011 7590638.155851 8419035.328601 9232803.552302 10042673.881088 10849011.896527 11662519.965588 12492703.901186 13344225.172991 14201396.179052 15097764.879829 16044264.595781 17053927.975822 18131106.850852 19268235.474205 20452316.613650 21705896.636992 23037279.041387 24441575.124532 25983997.604086 27637514.990441 29430197.693438 31374095.544509 33474453.441819 35771481.459254 38416943.781791 41502211.372284 45049151.996810 49219358.012699 54326168.754057 60365986.191464 67920820.256500 77209131.435299 90317854.970913 110682196.302434
5684346.543030 6882115.905330 7952759.443926 8962752.035046 9943252.950803 10885362.834001 11837605.003539 12784134.405940 13721745.978338 14678615.900264 15661834.766161 16661030.858013 17701411.634042 18798715.602922 19979370.946971 21212031.801809 22499214.451312 23874404.024372 25336911.817640 26866018.524942 28513522.591132 30273986.474682 32141353.524957 34220354.560719 36425736.324208 38794029.916552 41473552.096941 44519433.897976 48107918.806487 52113286.765877 56854443.168809 62585319.061329 69497841.913226 77928419.882932 88606358.482730 103266750.607401 126216858.282821
6580152.152389 7957534.849211 9177131.414675 10355446.862256 11485294.117869 12559219.401845 13657454.311860 14730147.782237 15803008.028478 16891852.545970 17994523.137294 19124260.456382 20323961.098857 21564924.468641 22904817.166209 24278478.660023 25733695.895294 27283392.074829 28948854.444497 30687902.235967 32552799.113971 34539539.469739 36677220.590233 39013668.876269 41446732.288036 44147471.032298 47164796.255089 50692143.697132 54587758.861495 59131848.460284 64264775.920128 70771259.654413 78582978.731068 87875281.364858 99715729.647091 115939351.851327 141219424.346066
7477305.163401 9033310.557098 10424682.956427 11766916.149782 13026310.605522 14250438.987940 15489178.830985 16682096.357514 17906819.226360 19123359.421115 20351126.061913 21637535.636431 22949566.312812 24335917.409979 25809030.996851 27348069.378057 28984819.269267 30703517.224101 32574043.464999 34490857.263194 36560644.741545 38780365.773866 41190492.400990 43740827.319050 46474970.288225 49518353.509453 52874424.503999 56748020.671565 61053958.577569 65988448.795047 71722159.292236 78812427.155456 87522602.950662 97621929.682637 110682531.792780 128770615.586013 156136141.815087
8382058.179704 10125340.757652 11682615.487195 13195833.202973 14583494.706450 15960666.674236 17326286.392933 18643484.791133 20018436.333958 21359446.352999 22736484.118078 24127276.537759 25590624.547264 27103980.891831 28718000.686045 30415066.335346 32229054.330651 34152607.864139 36169610.873120 38274018.837042 40549300.890552 42974763.338943 45629785.800678 48439547.018946 51486477.716234 54854472.174782 58556131.360209 62772370.485879 67500261.250646 72811824.631882 79021827.299348 86801064.437451 96377754.799456 107225808.726176 121057272.789289 141327105.217758 170451156.737239
9311700.027359 11217479.840933 12962262.243037 14621213.948236 16168660.520108 17679443.518854 19171138.459046 20647112.828892 22122154.790559 23637702.680385 25104715.910422 26632335.892025 28258540.009114 29895127.250868 31645687.237576 33488363.897553 35498319.778545 37561979.545055 39725705.169913 42090475.212429 44562926.572784 47157099.547811 50010696.229704 53122863.235547 56501082.316459 60155610.566688 64155298.111020 68769147.674544 73809636.361437 79436726.747185 86243894.688831 94621495.117478 104984162.289364 116737197.403814 131597000.800109 153563839.718946 184953445.676640
10237699.337524 12320528.897816 14259159.413631 16053216.315267 17754187.401065 19410888.398863 21028079.186820 22643619.948609 24260811.800288 25904063.549491 27506362.294253 29170221.348399 30906964.772243 32686880.677821 34567527.386314 36600954.042462 38734067.335387 40958921.606971 43334487.960450 45873737.013074 48508707.734063 51330096.214192 54413821.408296 57790451.789187 61405153.606115 65363238.759199 69766194.101760 74701338.394545 80010980.599321 86055716.855922 93489218.509011 102502830.938352 113375525.122182 126089292.746376 142131464.321399 165489945.372474 199360448.899117
11174075.799911 13442861.722026 15570235.938770 17504988.943048 19337149.433953 21129769.896836 22902110.326149 24651601.455171 26416476.414115 28175399.235855 29915592.775670 31702996.458134 33590140.525477 35498310.384847 37536231.876292 39712627.487104 41952251.575081 44338235.134739 46911041.557611 49652392.117621 52436161.412490 55510433.764959 58841682.313852 62436152.961519 66282332.092141 70598218.476236 75274822.486549 80503160.127483 86141452.083371 92561427.914805 100653716.139405 110212176.871340 121791660.939853 135167347.396627 152359955.186713 176957721.896632 213694236.735825
12112426.118261 14569922.015801 16888192.119043 18978913.853469 20934481.414558 22872528.432040 24769625.749862 26671677.184309 28580100.303115 30453871.082867 32347489.061237 34251116.015704 36251080.574368 38334044.221198 40511393.373181 42815278.699784 45213305.557140 47728838.993138 50447358.921406 53394233.107655 56406159.059980 59725932.310505 63269868.958475 67028341.269161 71182523.677829 75771055.020246 80811112.238856 86230884.796753 92127598.540108 98986962.007930 107688942.580888 117888232.972617 130198645.539346 144209832.419326 162304627.701854 188149021.772267 227415053.182901
13045317.010010 15704843.211657 18217739.026034 20454019.724290 22561138.512959 24625064.474471 26652563.642473 28701264.783489 30733017.762315 32754166.136899 34773981.173765 36802749.759649 38959200.477887 41165726.664727 43498444.874301 45896847.453545 48492335.137402 51138131.317868 54001564.130293 57104205.786998 60365754.597390 63875692.538986 67640250.125298 71654256.460578 76107941.590388 80874999.102842 86215345.872123 92025296.197497 98111302.462849 105434224.003537 114526276.558050 125440975.896324 138393110.046551 153380179.030129 172345069.490430 199691290.136719 240830876.693680
13984579.087894 16847342.518753 19540966.210360 21927656.990193 24190244.409547 26393205.821796 28549669.782061 30709571.402199 32900283.363919 35057133.467445 37189033.350046 39357878.763774 41641347.815092 43978104.067763 46472193.206032 49017153.547627 51741391.616329 54553248.457220 57558390.259076 60838952.544739 64341580.640147 67992709.694668 72017864.172604 76308343.582000 80971839.518982 85940588.657998 91556437.625201 97677078.423039 104043919.139207 111856755.528076 121366166.258209 132851111.998509 146306095.380784 162402128.297740 182407143.830238 211090531.549563 254395730.958547