171.404561 213.293044 252.198987 289.768525 326.822054 364.304480 402.207827 440.706081 480.882401 522.130485 565.570949 610.707232 657.925749 707.592344 759.814341 814.078844 870.841885 931.341226 995.750153 1064.883476 1138.670290 1217.708859 1302.593324 1394.318621 1494.822019 1605.924539 1729.524436 1867.694592 2024.768753 2203.240452 2411.190626 2656.986444 2956.965767 3335.202042 3832.202151 4511.950681 5597.500616
377.354360 464.866381 544.211867 620.223717 694.792542 769.027405 844.706656 922.371016 1002.493490 1085.925962 1171.596230 1261.376650 1355.326126 1453.373381 1553.000176 1658.256236 1768.798076 1884.286600 2008.284836 2143.205944 2286.176417 2438.736598 2599.781211 2777.426143 2968.343924 3175.519293 3401.653172 3655.911404 3939.050953 4263.058520 4643.739604 5097.139482 5639.425661 6316.267758 7200.084617 8401.135496 10235.698308
595.712158 727.180424 847.359327 962.391643 1074.624441 1187.157954 1300.821670 1417.557667 1538.294980 1662.452471 1791.764396 1925.929316 2066.589025 2209.308575 2358.455556 2513.008686 2677.358122 2847.987641 3030.397995 3223.067505 3429.506776 3653.115706 3891.372966 4149.223808 4425.063035 4714.867283 5035.305519 5396.078027 5809.600792 6269.043997 6806.372257 7457.866974 8233.447234 9190.934676 10394.686021 11994.999784 14647.521122
822.153063 998.658497 1159.327911 1311.565863 1462.980007 1614.391360 1768.137648 1921.471533 2083.188615 2250.517362 2424.085896 2602.350953 2785.188518 2977.744936 3174.466504 3375.935283 3589.068840 3814.738678 4055.437374 4308.873257 4578.836544 4861.510078 5169.775741 5506.868160 5855.993156 6234.612688 6657.636875 7121.933870 7653.422652 8251.507251 8934.152454 9750.133061 10734.816602 11956.646252 13463.569113 15493.951849 18890.580171
1051.142032 1277.230264 1475.504702 1668.669317 1857.715652 2048.939709 2239.786762 2433.090618 2635.727005 2845.136520 3062.820476 3284.307909 3515.376586 3753.338857 3995.488462 4243.000027 4508.672000 4786.568394 5082.275718 5392.292224 5716.333098 6060.309303 6442.815734 6850.044129 7284.872043 7751.240281 8255.875560 8816.293960 9467.175628 10190.041320 11017.230792 12014.953017 13195.729212 14653.742022 16475.758881 18951.663213 22897.482774
1285.123080 1558.375439 1797.522023 2028.433886 2257.574165 2488.809564 2717.347181 2948.956899 3193.331124 3446.988621 3703.321212 3968.061562 4247.232913 4530.756990 4817.619862 5115.001082 5431.143544 5758.009160 6102.742362 6462.077275 6851.476177 7265.784980 7711.826501 8182.157332 8689.156469 9239.436296 9834.043052 10502.756144 11241.196941 12083.928618 13059.631052 14227.598776 15616.122332 17250.825534 19396.231764 22280.056640 26807.768692
1523.587296 1841.715458 2124.886197 2393.561547 2663.736322 2933.661035 3197.573650 3473.311706 3756.236421 4049.785144 4349.708303 4661.686758 4983.084272 5312.807149 5638.888353 5987.005477 6345.033124 6721.291837 7115.104789 7532.960383 7983.386234 8469.884591 8969.760037 9506.316445 10093.774206 10722.005414 11405.832494 12152.966733 13001.451935 13978.837790 15069.339763 16391.857321 17949.810221 19835.064348 22236.949326 25461.491341 30616.092932
1767.256414 2129.030673 2456.927702 2758.894301 3074.980810 3378.626123 3685.734792 3999.551263 4321.255108 4658.928320 5001.149211 5358.559789 5723.997268 6094.175522 6471.860764 6851.621206 7260.352503 7687.849492 8131.680052 8611.160725 9131.975670 9659.949799 10210.796180 10831.592204 11483.035204 12200.357626 12963.729208 13796.790199 14752.258850 15840.118181 17068.210889 18518.627507 20252.968497 22404.007049 25036.133350 28606.871482 34335.654569
2012.642695 2422.632167 2790.528429 3131.945886 3487.734389 3830.476810 4177.747683 4528.830475 4889.839263 5268.377734 5661.528693 6058.647532 6465.631770 6878.625639 7292.433756 7725.584619 8180.435043 8654.540818 9155.084603 9698.399044 10273.677708 10840.416604 11465.585128 12139.721781 12866.193575 13653.083354 14493.270057 15424.192603 16502.781104 17704.622054 19042.522768 20638.343831 22543.744255 24878.946451 27759.948956 31732.750503 38021.944259
2256.955653 2718.941248 3128.334269 3511.371106 3901.308361 4287.178097 4672.631801 5064.595714 5465.820016 5885.227949 6312.746110 6755.561038 7203.551734 7662.354108 8113.547957 8592.787182 9095.687075 9625.053352 10179.169143 10774.992235 11392.717490 12033.348662 12712.882266 13444.078106 14237.890759 15084.243063 16026.165572 17046.121016 18223.288430 19537.532204 20999.299762 22730.623302 24830.249641 27310.069865 30442.377708 34776.987516 41584.765642
2501.804468 3017.696232 3467.058523 3890.894127 4317.693378 4745.398938 5170.111000 5602.217024 6044.548768 6503.396605 6972.067259 7448.269777 7943.734810 8436.123096 8930.011322 9459.796799 10015.439339 10592.288380 11203.280310 11840.932467 12499.092343 13214.787636 13949.258862 14740.558240 15600.257533 16506.069013 17548.312169 18653.443459 19923.771283 21358.250970 22939.865985 24804.295138 27021.143527 29683.702258 33083.693460 37756.597258 45036.802719
2753.831495 3317.062844 3810.984774 4275.208180 4732.192395 5203.081972 5670.023133 6144.340052 6627.460196 7123.842171 7630.634472 8148.373473 8683.701349 9209.991082 9757.989925 10327.348840 10929.058189 11557.197276 12215.235748 12903.329888 13612.265802 14385.548631 15171.304565 16027.617318 16944.864400 17953.429619 19059.126771 20250.226418 21609.575377 23169.370465 24870.979872 26874.785718 29204.305663 32063.577123 35715.204972 40785.810257 48595.492876
3010.393972 3624.586802 4158.996682 4663.667186 5156.481257 5663.993772 6170.079194 6684.219164 7210.886792 7748.457399 8290.879919 8849.568292 9422.148456 9993.482093 10576.194942 11193.593503 11851.306488 12518.511159 13230.872747 13961.160335 14722.575072 15541.708413 16398.789861 17292.896989 18295.987928 19390.329707 20548.096020 21842.329187 23284.470307 24942.433273 26773.856878 28899.314811 31358.481397 34393.177066 38280.628473 43724.258976 52171.924941
3268.409078 3931.834180 4510.871355 5052.014171 5586.265041 6127.967314 6676.268613 7228.816644 7794.814852 8369.766710 8954.484536 9557.012288 10161.228404 10774.856262 11399.963792 12069.738365 12756.976768 13480.757197 14237.773562 15014.518800 15830.771083 16685.941412 17615.725620 18587.147475 19653.002448 20786.587021 22060.193257 23414.491801 24954.984849 26693.043379 28653.209107 30915.681742 33510.654881 36716.747162 40829.157890 46605.962416 55520.213582
3531.393889 4245.292391 4862.302694 5442.200278 6020.365999 6594.056144 7182.802758 7772.715767 8379.802184 8987.299816 9620.566730 10265.226992 10905.072024 11556.264461 12235.004907 12944.717596 13653.673480 14440.541009 15238.568937 16049.300001 16928.733399 17843.100708 18817.126376 19876.099290 20990.750495 22199.403493 23547.108128 24994.037804 26597.971762 28417.131122 30515.086646 32894.531832 35632.241542 39078.871677 43387.237717 49403.012074 58873.255839
3791.232330 4559.872116 5217.502534 5835.482556 6456.499652 7070.528231 7689.028326 8317.513799 8961.539299 9610.805803 10283.475478 10972.001064 11656.417658 12342.636730 13075.295556 13807.863698 14565.167118 15394.793502 16224.432332 17101.908186 18010.654866 18989.663508 20039.712673 21150.439690 22325.644501 23610.904022 25029.665400 26564.104353 28237.977940 30149.973958 32374.423223 34789.595830 37693.439686 41414.710636 45914.137161 52328.779386 62348.283805